43,21,16,31,06735,09135
52,55,69,11,02798,01100
13,32,68,24,08243,03816
97,34,72,97,05459,06291
66,14,81,77,05910,03766
65,77,82,24,08533,03599
63,47,16,39,00852,00798
55,26,25,43,07660,05943
67,24,16,39,14214,10004
48,15,27,74,18569,15096
21,47,35,14,05744,08521
17,52,45,24,08468,06452
21,46,46,29,08178,08364
27,11,15,37,11861,01287
17,67,61,21,12721,12321
44,11,11,74,06249,12411
43,32,13,53,02683,05636
20,71,62,19,05542,07049
65,74,81,12,05962,06226
45,78,71,28,04747,05186
32,13,24,54,10280,15794
40,15,15,46,03525,01689
98,30,15,24,10374,04806
84,37,11,52,06398,13946
20,63,74,28,07852,19121
56,21,41,77,04084,02755
24,66,76,48,03704,04068
23,91,59,21,00840,01624
55,13,58,66,06299,02953
72,37,11,47,05838,05729
11,25,47,13,08669,03911
91,12,41,54,03844,04200
54,30,27,93,04050,02562
37,95,78,30,05333,02455
56,23,15,29,01544,03765
87,63,14,52,02565,01983
50,38,29,80,05011,04330
20,41,72,48,14876,08483
29,79,62,36,07841,08469
13,38,49,31,19090,10498
12,23,57,35,05882,02769
11,38,99,13,08261,04192
76,11,18,81,07206,12859
11,19,49,27,17371,08949
79,11,56,67,04535,04006
12,72,71,14,02014,10012
16,45,79,44,12630,18535
49,81,43,14,04881,04550
25,37,34,12,03249,01513
45,19,24,41,17765,08489
25,54,49,20,02186,01374
40,64,48,18,12328,17404
32,81,96,12,10112,04575
50,16,25,75,07275,12885
59,35,17,33,14681,10785
86,20,34,55,04002,01590
63,27,14,59,09258,11796
97,15,52,67,06716,04694
36,62,29,16,06269,19412
67,92,86,30,11973,10010
37,11,16,29,09451,06864
31,15,52,85,01721,01850
66,13,25,65,11765,13705
80,79,21,79,04397,07663
57,26,22,85,06688,08748
73,44,19,48,19153,19588
13,55,71,23,01126,01990
72,68,95,11,05091,03155
49,16,25,35,03805,02960
43,98,90,25,09144,04089
48,34,23,99,03414,09862
44,19,22,56,04456,12030
52,77,30,11,15458,15566
38,11,12,63,01488,06951
37,11,33,61,19386,08652
92,45,25,50,10591,07560
28,64,32,12,19208,03964
70,15,87,98,10080,07715
14,96,16,19,02168,08607
13,24,29,11,12908,10796
42,82,53,11,17947,18345
61,89,84,34,03732,03054
47,17,11,36,07924,03034
73,48,37,85,07580,07957
81,14,98,88,16336,09148
16,33,98,42,05502,02541
35,68,34,12,13091,11496
14,51,76,27,01156,19262
14,36,63,16,08866,17172
51,21,23,60,10550,10004
12,30,67,29,05496,10066
13,34,58,42,19589,08546
21,59,51,25,07853,12783
79,90,62,12,06111,06786
83,13,23,39,07289,01885
58,27,17,39,15652,10325
88,45,19,42,02197,01866
69,11,16,81,05910,03531
19,44,22,11,10669,03510
15,80,97,72,02315,03440
69,82,66,18,08115,07710
45,23,15,55,05025,06071
39,15,19,30,06986,13580
60,25,20,61,07420,12209
11,56,69,31,06917,07105
23,37,52,19,06106,04004
20,58,70,31,07630,08379
53,24,16,54,04891,06750
52,20,12,49,15128,03793
98,16,29,34,10277,03346
12,24,28,17,14900,05123
62,30,25,48,06961,00398
18,29,33,13,00899,17953
82,29,28,94,07116,03694
13,67,44,15,17930,01539
11,79,66,46,02497,02525
91,34,21,47,03892,02433
36,14,36,70,15812,11526
66,24,21,63,09731,08597
67,17,15,59,02779,03199
38,12,22,74,05802,07362
57,30,18,46,16124,08992
13,54,78,42,06435,05298
11,29,78,45,12589,07519
48,29,21,51,14339,12317
12,66,96,37,02076,06508
49,82,95,46,08784,07808
14,65,44,12,09392,10074
27,82,71,52,09077,12186
25,12,19,31,02732,03851
64,17,48,83,06960,05572
11,68,39,13,03654,10406
26,53,42,15,11440,15652
19,41,37,14,08177,09083
33,45,94,40,05578,03550
93,15,26,45,04456,01290
15,57,75,17,05165,10327
47,17,18,65,18606,16972
57,83,78,14,07539,07393
29,47,82,29,05318,03424
47,35,36,84,01306,02002
58,23,31,59,04304,00293
99,22,27,98,06813,08874
53,12,23,76,17141,05516
54,20,36,68,03294,04008
65,22,20,59,04075,02685
29,42,28,13,05621,12357
22,51,32,11,10008,09754
76,19,14,49,02980,09883
73,20,15,50,17293,06120
20,87,87,85,07424,11166
56,28,13,51,16114,09490
99,47,39,62,07644,07847
14,42,72,11,06470,01985
50,14,16,63,17812,08208
21,45,56,35,10693,14380
17,68,52,15,14292,05400
72,19,15,71,16883,02971
17,55,77,39,15479,05409
70,38,17,44,09069,07614
25,53,47,28,12567,17929
14,72,65,13,03787,06419
49,98,69,12,07430,08182
46,95,51,24,04212,05283
80,11,36,47,05416,00997
85,28,22,46,01857,01038
14,37,65,22,07794,06607
85,14,69,96,10287,06180
56,13,28,59,02048,07544
13,39,49,28,07351,13456
26,95,80,31,08046,10846
35,75,97,35,05153,05165
16,86,63,58,02250,05920
96,25,22,22,10888,04072
61,13,70,98,05028,03564
20,71,69,53,06913,09761
12,27,49,35,01505,09830
54,22,24,46,18530,01678
16,50,66,24,02670,04152
99,86,25,99,08796,10655
97,28,44,47,06790,05287
71,13,17,67,15700,18636
88,35,45,98,09930,09877
31,57,23,13,14883,17401
49,11,31,80,01819,18339
99,38,38,57,03796,03705
65,30,20,41,16400,02050
19,41,52,25,02093,11409
24,84,65,39,06125,05415
39,81,73,25,07310,02774
20,48,48,24,11964,06992
61,64,14,89,05770,12073
18,86,62,23,01850,02828
49,11,35,81,09083,02969
13,82,98,34,07886,10020
28,39,38,14,14522,15231
84,12,12,75,02616,01473
15,81,83,38,02217,02127
15,40,60,21,14105,14346
19,74,22,11,03088,05156
31,23,30,90,00792,01536
29,11,20,35,01254,02076
15,35,45,26,14120,14699
18,61,53,17,09368,14132
58,32,20,50,12594,11016
75,11,11,67,01837,03029
15,37,77,53,04675,04685
91,22,57,67,06699,06090
18,27,35,11,13285,13945
11,41,84,50,15364,07098
17,33,47,24,12428,19232
51,36,29,87,03586,08652
13,77,43,32,02319,05496
52,12,38,72,17922,16052
37,12,11,42,09216,00740
26,68,66,20,13716,03144
48,23,35,58,03530,19394
32,17,11,26,07563,12768
64,18,11,85,03383,06603
42,18,33,50,18143,12014
13,24,46,12,03203,12860
82,23,11,68,08381,13611
18,14,21,55,02466,03542
22,27,41,12,03425,02709
19,46,59,36,13707,14528
79,76,81,15,08477,02429
14,52,51,28,13435,00400
13,90,88,53,03386,02861
16,48,59,39,02802,05370
61,39,12,28,03251,14769
61,32,29,55,15301,11760
84,67,22,71,02100,06165
74,13,54,58,03264,02708
80,86,18,95,06060,11810
11,80,74,65,04843,04465
28,49,72,40,03720,04876
79,41,11,53,17080,03544
25,11,26,41,10950,19270
26,50,41,14,06504,18240
35,64,82,34,07914,04964
32,14,29,47,03801,09057
59,17,36,77,16929,16549
65,89,73,16,05247,06009
57,22,12,89,01371,02554
55,66,98,23,09696,04824
14,41,63,38,05849,00337
30,73,49,17,16159,18772
23,13,24,42,14243,18635
72,29,15,44,13301,15812
32,73,47,13,02757,06163
29,12,19,38,03796,10482
14,49,66,25,01790,02557
69,12,29,48,03831,00924
50,17,47,81,05819,04055
32,98,30,21,05380,10948
77,16,48,99,06611,09208
43,13,26,51,08449,10214
75,49,16,72,07949,10671
66,14,15,54,07130,13916
22,45,61,30,04625,09320
15,62,58,12,19789,03466
41,78,53,16,04759,12566
37,12,24,35,06701,05546
28,34,53,17,04761,02703
42,18,27,48,10796,19634
12,81,66,55,01200,04195
12,37,69,43,01641,03532
64,20,23,61,15134,14666
58,27,20,59,04892,13077
15,64,77,20,04642,03644
13,68,35,39,01333,05820
36,94,90,50,08874,10406
18,51,64,38,10342,05679
16,28,35,18,05441,16670
23,12,41,83,01994,02827
99,37,24,57,08934,06557
31,55,56,28,06895,03447
15,39,60,29,11720,10724
82,84,21,93,05429,10923
21,56,66,23,10691,08258
53,26,25,64,05681,06098
47,78,40,14,05920,10370
51,21,15,31,13418,16260
24,44,52,17,16408,18128
81,39,13,54,00791,04736
26,12,20,43,17344,15695
41,79,84,33,04560,05565
15,60,64,18,10078,16766
77,34,11,59,06468,07404
42,63,46,21,07730,07035
43,17,20,64,14097,11143
43,16,44,77,11701,05191
49,21,12,30,09249,05921
76,27,30,83,04640,03674
52,75,37,11,17813,19208
52,36,42,97,07016,09476
25,67,82,62,01745,03099
14,54,75,11,06535,19767
25,75,68,21,09616,01277
70,89,59,19,10106,08704
12,46,65,28,05529,13980
26,72,72,26,12562,10952
65,39,21,42,08898,05612
29,11,43,64,13219,16279
51,12,31,73,08323,09697
17,38,28,14,03010,04396
37,26,18,40,16840,05928
55,26,26,60,05990,13188
25,50,48,15,04924,02720
14,33,43,29,08624,18226
34,11,33,47,06099,19526
16,61,74,44,06778,04648
52,11,52,98,06552,05649
63,14,25,50,06130,05540
35,91,81,22,07127,04951
30,57,51,30,11087,07355
35,18,38,61,17792,16111
30,14,35,85,02100,03452
45,11,23,63,17967,17271
12,35,42,26,13022,09764
