00000000000000000001000110101111111
00000000000000000010000100101111111
00000000000000000010100101101011111
00000000000000000100011010110111111
00000000000000000100011011111111111
00000000000000000101001011010111111
00000000000000001000010001101011111
00000000000000001000010011101111111
00000000000000001000010100101011111
00000000000000001000010100101111111
00000000000000001010011100111111111
00000000000000010000100011010111111
00000000000000010000100101011111111
00000000000000010000110101111111111
00000000000000010010100101011011111
00000000000000010010100101011111111
00000000000000010010101101011011111
00000000000000010010110101101111111
00000000000000100001010010110111111
00000000000000100001010110111111111
00000000000000100001101011011111111
00000000000000101001010111111111111
00000000000000110001100111011111111
00000000000001000010100101101111111
00000000000001000010101101011011111
00000000000001000011000110101111111
00000000000001000011010110101111111
00000000000001001010010100111011111
00000000000001001010010110111111111
00000000000001001010011111111111111
00000000000001001010110111111111111
00000000000001001011010110101111111
00000000000010000100001010110111111
00000000000010000100011001110111111
00000000000010000100101101011111111
00000000000010000101101011110111111
00000000000010001100011001110111111
00000000000010001110011111111111111
00000000000010010100101101111111111
00000000000010010100111011110111111
00000000000010010101101011011111111
00000000000010010101101011111111111
00000000000010010110101101111111111
00000000000010100101011011111111111
00000000000100001000010101111011111
00000000000100001000110101111111111
00000000000100001010010100101111111
00000000000100001010011101111111111
00000000000100001100011101111111111
00000000000100001101011011111111111
00000000000100011000111011110111111
00000000000100011000111011111111111
00000000000100011010110101101111111
00000000000100101001110011101111111
00000000000100101011010110101111111
00000000000100111001111011111111111
00000000000101001010010111101111111
00000000000101001010111101111011111
00000000000101001111011111111111111
00000000001000010000101011110111111
00000000001000010000110101111011111
00000000001000010010101111011111111
00000000001000010010110111101111111
00000000001000010100101101011011111
00000000001000011000110101101111111
00000000001000011001111011111111111
00000000001000110001100011101111111
00000000001000110001101011111111111
00000000001000110101111011110111111
00000000001001010010101101011011111
00000000001001010010101101011111111
00000000001001010011101111111111111
00000000001001010110101101111111111
00000000001010010100101101111011111
00000000001010010100101101111111111
00000000001010011110111101111011111
00000000001010110101101011111111111
00000000001010110101111011110111111
00000000010000100001001011011111111
00000000010000100001100111101111111
00000000010000100001101011110111111
00000000010000100101011011110111111
00000000010000101001011010110111111
00000000010000101001011011110111111
00000000010000101011010111101111111
00000000010000110001110111111111111
00000000010000110011110111111111111
00000000010001110111111111111111111
00000000010010100101001110111111111
00000000010010110101101011111111111
00000000010010110101101111011111111
00000000010010110101111011110111111
00000000010100101101011110111111111
00000000010100111101111111111111111
00000000010101101111011110111111111
00000000010101111011110111101111111
00000000011000111011110111101111111
00000000011001110011110111101111111
00000000011010110101101111011111111
00000000011010110111101111111111111
00000000100001000010001110111111111
00000000100001000110001100111111111
00000000100001000110001101011111111
00000000100001001010011111111111111
00000000100001010010100101101011111
00000000100001010010110111101111111
00000000100001010011101111011111111
00000000100001100011001110111111111
00000000100001101011111111111111111
00000000100001110011100111101111111
00000000100001110011110111101111111
00000000100011000110011101111011111
00000000100011010111101111011111111
00000000100011100111101111111111111
00000000100101001010010100111011111
00000000100101001011010110111111111
00000000100101001011010111111111111
00000000100101001110011110111111111
00000000100101011110111101111111111
00000000100101101011010110111111111
00000000100101111011111111111111111
00000000101001010010100101011111111
00000000101001010010110101101011111
00000000101011010111101111111111111
00000001000010000100101011110111111
00000001000010000100101101111111111
00000001000010000101011010110111111
00000001000010000110011100111011111
00000001000010001101011010110111111
00000001000010001110111101111111111
00000001000010010100101001011011111
00000001000010010100101011110111111
00000001000010100101001111011111111
00000001000011000110011111111111111
00000001000011000110101111011111111
00000001000011000111101111011111111
00000001000011001110011100111111111
00000001000011001110111101111111111
00000001000110001100011010110111111
00000001000110001100111101111111111
00000001000110001101111011111111111
00000001000110011100111011111111111
00000001000110011101111011110111111
00000001000110101101011110111111111
00000001000110111101111111111111111
00000001000111001111011111111111111
00000001000111011110111101111011111
00000001001011010110111101111011111
00000001010010101101011010110111111
00000001010010110101111111111111111
00000001010010110111111111111111111
00000001010110111101111011111111111
00000001010111101111011110111111111
00000001011010110101101011011111111
00000001011011110111101111011111111
00000010000100001000010000110111111
00000010000100001000010010101111111
00000010000100001001011011110111111
00000010000100001010010111101111111
00000010000100001010011101111011111
00000010000100001100011001110111111
00000010000100001100011001111011111
00000010000100001100011100111111111
00000010000100001100111011111111111
00000010000100001100111101111011111
00000010000100011000110001101011111
00000010000100011000111011110111111
00000010000100011100111001111011111
00000010000100011100111101111111111
00000010000100101001110011101111111
00000010000100101001111011110111111
00000010000100101101111011110111111
00000010000100111001110011101111111
00000010000100111001110011110111111
00000010000100111001110111101111111
00000010000101001010010110111111111
00000010000101001010110101101011111
00000010000101001011110111101111111
00000010000101011010110101101011111
00000010000101011010110101111111111
00000010000110001100011100111011111
00000010000110001100111101111011111
00000010001100011010110101111011111
00000010001100011100111101111011111
00000010001101011010110111101111111
00000010001110011101111111111111111
00000010001110111101111111111111111
00000010010100101001010011110111111
00000010010100101001011011111111111
00000010010100101001110011101111111
00000010010100101011010110101111111
00000010010100111001110011101111111
00000010010110101101111011111111111
00000010011100111101111011111111111
00000010011101111011110111101111111
00000010011101111111111111111111111
00000010100101001010010100111111111
00000010100101001110011101111011111
00000010100101011010110101111111111
00000010100101011011111111111111111
00000010100101011110111101111011111
00000010100101011111111111111111111
00000010100101101111011110111111111
00000010101101011011110111111111111
00000010101101011110111101111011111
00000010101101011111111111111111111
00000100001000010001100111101111111
00000100001000010010101101111111111
00000100001000010010101111111111111
00000100001000010010110101111111111
00000100001000010100101011011111111
00000100001000010101101011110111111
00000100001000011000110011110111111
00000100001000011000110101101111111
00000100001000011000110101111011111
00000100001000011010111101111011111
00000100001000011010111111111111111
00000100001000110001110011110111111
00000100001000110011100111011111111
00000100001000111011110111101111111
00000100001001010010110101101011111
00000100001001010011101111011111111
00000100001001010110101111111111111
00000100001001011010110111101111111
00000100001010010100101101111111111
00000100001010010101101011011111111
00000100001010010110101101011111111
00000100001010011101111111111111111
00000100001100011000111001110111111
00000100001100111011110111101111111
00000100011000110011101111111111111
00000100011000111001110111101111111
00000100011000111011110111111111111
00000100011001110011110111101111111
00000100011001110111111111111111111
00000100011101111011111111111111111
00000100101001010010101101111111111
00000100101001010110101101011011111
00000100101001011011110111101111111
00000100101001110011100111101111111
00000100101001111011110111111111111
00000100101011010111101111011111111
00000100101101011010110101101011111
00000101001010010100101001011011111
00000101001010010100111101111111111
00000101001010110111101111111111111
00000101001011010110101111011111111
00000101001110011101111011110111111
00000101011110111101111011110111111
00000101011111111111111111111111111

11111010100100000000000000000000000
11111010100101000010000100001000000
11111010110001100011000100001000000
11111010110100101000010000100000000
11111010110101001010010000000000000
11111010110101100011000010000000000
11111011010010000100001000000000000
11111011010010100101001010000100000
11111011010100101001010000100000000
11111011010110001100001000010000000
11111011010110101101010010100000000
11111011100011000100000000000000000
11111011100011000100001000010000000
11111011100110000100001000010000000
11111011100110001000010000000000000
11111011100110001100010000000000000
11111011100111001100001000000000000
11111011100111001110001100001000000
11111011110011000100001000010000000
11111011110011100111000100001000000
11111011110101101010000000000000000
11111011110101101010010100101000000
11111011110101101011000010000000000
11111011110101101011010010100000000
11111011110101101011010100100000000
11111011110110101001000000000000000
11111011110110101101011010010100000
11111011110111000110001000010000000
11111011110111001010010100001000000
11111011110111001100010000100000000
11111011110111001110011100010000000
11111011110111100101001010000000000
11111011110111100101001010000100000
11111011110111100111001010010000000
11111011110111101101010010100000000
11111011110111101110011100010000000
11111011110111101111001010010000000
11111011110111101111001100001000000
11111101010010000100001000000000000
11111101011000100000000000000000000
11111101011010010100100001000000000
11111101011010100000000000000000000
11111101011010100101001010010100000
11111101011010110001100011000100000
11111101011010110101101011010000000
11111101100010000100000000000000000
11111101100011000010000000000000000
11111101100011000100001000010000000
11111101101001000010000100000000000
11111101101010010100101001010000000
11111101101011000110001100001000000
11111101101011000110001100010000000
11111101101011010110000100000000000
11111101101011010110000100001000000
11111101101011010110001100001000000
11111101101011010110001100010000000
11111101110001000000000000000000000
11111101110001100011000010000100000
11111101110010100001000010000100000
11111101110010100101001010010000000
11111101110011000110001000010000000
11111101110011100101000010000100000
11111101110011100111001110010100000
11111101111001100010000000000000000
11111101111001100011000110000100000
11111101111001110001000010000100000
11111101111001110011100010000100000
11111101111010100101001010000100000
11111101111010110100101000010000000
11111101111010110101001010000100000
11111101111010110101101000000000000
11111101111010110101101000010000000
11111101111011000010000100001000000
11111101111011000110001000010000000
11111101111011000110001100010000000
11111101111011010100101001010000000
11111101111011100011000100001000000
11111101111011110010100100001000000
11111101111011110011100010000100000
11111101111011110011100011000100000
11111101111011110011100111001000000
11111101111011110101101000000000000
11111101111011110101101010000100000
11111101111011110111000100000000000
11111101111011110111101100010000000
11111101111011110111101101001000000
11111110100101001010010000100000000
11111110101001000010000000000000000
11111110101001010000100001000000000
11111110101100001000010000100000000
11111110101101001010010000100000000
11111110110100100001000010000100000
11111110110101001010010100000000000
11111110110101101011010110100100000
11111110111000110001000010000100000
11111110111000110001100000000000000
11111110111001000010000100001000000
11111110111001100010000000000000000
11111110111001100010000100000000000
11111110111001110001000010000000000
11111110111001110010100001000000000
11111110111001110010100100000000000
11111110111001110010100101001000000
11111110111100110001000000000000000
11111110111100111000110000100000000
11111110111100111001100010000000000
11111110111100111001100011000000000
11111110111101001000000000000000000
11111110111101001010000000000000000
11111110111101011010010000100000000
11111110111101011010100101001000000
11111110111101101011010010000000000
11111110111101110001000010000100000
11111110111101110001100000000000000
11111110111101110011100101001000000
11111110111101111001010000100000000
11111110111101111010010100001000000
11111110111101111011010110100100000
11111111010110001100001000010000000
11111111010110100100001000010000000
11111111010110101001010010100100000
11111111010110101101011000100000000
11111111010110101101011010010100000
11111111011010000000000000000000000
11111111011010010100101001000000000
11111111011010100001000010000100000
11111111011010100100000000000000000
11111111011010100101001010000000000
11111111011010110100101001000000000
11111111011010110101100001000000000
11111111011100001000010000100000000
11111111011100101000010000000000000
11111111011100111001100010000000000
11111111011100111001110010100000000
11111111011110010100001000000000000
11111111011110011000010000000000000
11111111011110101100011000010000000
11111111011110101101001000000000000
11111111011110101101001010010100000
11111111011110110100100000000000000
11111111011110110101100000000000000
11111111011110110101101011000100000
11111111011110111001110011000100000
11111111011110111100110001000000000
11111111100101001000000000000000000
11111111100110000100001000010000000
11111111100111000110001000010000000
11111111100111001100001000000000000
11111111101010000100001000000000000
11111111101010010000100000000000000
11111111101011000010000100000000000
11111111101011010010100101000000000
11111111101101001010010000000000000
11111111101101001010010100001000000
11111111101101010010100101001000000
11111111101101011000110001000000000
11111111101101011010100100001000000
11111111101110001000010000000000000
11111111101111001110001000010000000
11111111101111010100001000010000000
11111111101111010110100101000000000
11111111101111010110100101001000000
11111111101111011110010100100000000
11111111101111011110110100101000000
11111111110101000010000100001000000
11111111110101001010010000100000000
11111111110101100011000010000100000
11111111110101101011010010000000000
11111111110101101011010010100100000
11111111110110100101001000010000000
11111111110110101001010010000100000
11111111110110101100010000100000000
11111111110110101101010010000000000
11111111110110101101010010000100000
11111111110111001010010100001000000
11111111110111001110010100001000000
11111111110111100101000000000000000
11111111110111100101000010000100000
11111111110111100101001000010000000
11111111110111100110000100001000000
11111111110111100111001010000100000
11111111110111101011010010000000000
11111111110111101011010110100100000
11111111110111101101010000000000000
11111111110111101101010010100000000
11111111110111101101010010100100000
11111111110111101111010100101000000
11111111110111101111011010100000000
11111111111010100001000010000000000
11111111111010100101001010010000000
11111111111010110000100001000000000
11111111111010110001000010000100000
11111111111010110100101000000000000
11111111111011100011000010000000000
11111111111011100110000100000000000
11111111111011100111000100001000000
11111111111011100111000110001000000
11111111111011110011000010000100000
11111111111011110011100011000000000
11111111111011110011100100000000000
11111111111011110101100000000000000
11111111111011110101101001010000000
11111111111011110110001100010000000
11111111111011110111101010000000000
11111111111101011010100000000000000
11111111111101101001010010100000000
11111111111101101010010000000000000
11111111111101101011000110001000000
11111111111101101011010100001000000
11111111111101110011000110001000000
11111111111101111001100011000100000
11111111111101111010010100100000000
11111111111101111010010100101000000
11111111111101111011100100000000000
11111111111101111011100111001000000
11111111111101111011110010100000000
11111111111101111011110111001000000
11111111111110101100010000000000000
11111111111110101100010000100000000
11111111111110110100101001010000000
11111111111110110101001000010000000
11111111111110110101100001000000000
11111111111110110101101010000100000
11111111111110111100101001010000000
11111111111110111101110001000000000
11111111111110111101110010100100000
11111111111110111101111001010000000
11111111111111001100011000100000000
11111111111111010110101000010000000
11111111111111011110010100001000000
11111111111111011110011000010000000
11111111111111011110101000000000000
11111111111111101101011000100000000
11111111111111101111001010000100000
11111111111111101111001010010000000
11111111111111101111011010100100000
11111111111111110101101011000000000
11111111111111110110101100010000000
11111111111111110111101010000100000
11111111111111110111101111010100000
11111111111111111011100111001000000
11111111111111111101011010010000000
11111111111111111110101001010000000
11111111111111111110101101001000000
11111111111111111110110100101000000
11111111111111111111011010010100000
11111111111111111111011100101000000
11111111111111111111101011010000000
11111111111111111111101011010100000
11111111111111111111111011010000000
