2
3
4
5
11
12
14
15
21
22
24
25
31
32
33
34
35
41
42
43
44
45
51
52
53
54
55
111
112
113
114
115
121
122
123
124
125
131
133
134
135
141
142
143
144
151
152
153
154
155
211
212
213
214
215
221
222
224
225
231
232
233
234
235
241
242
243
244
245
251
252
253
254
255
311
312
313
314
315
321
322
323
324
325
331
332
333
334
335
341
342
343
344
345
351
352
353
411
412
413
414
415
421
422
423
424
425
431
432
433
434
435
441
442
443
444
445
451
452
453
454
455
511
512
513
514
515
521
522
523
524
525
531
532
533
534
535
541
542
543
544
545
551
552
553
554
555
1122
1135
1211
1213
1245
1254
1255
1312
1314
1315
1341
1415
1513
1522
1525
1543
2112
2115
2121
2123
2125
2131
2134
2153
2213
2225
2231
2233
2235
2243
2253
2315
2344
2414
2423
2444
2445
2452
2512
2515
2521
2532
2542
2552
3112
3115
3121
3133
3141
3214
3231
3235
3244
3315
3331
3334
3342
3345
3414
3415
3431
3532
3535
4115
4134
4151
4152
4153
4211
4212
4241
4251
4253
4324
4351
4354
4415
4425
4512
4514
4525
4555
5111
5114
5121
5124
5131
5154
5155
5232
5234
5333
5345
5421
5425
5431
5511
5513
5514
5544
11345
11423
12232
12555
13155
13352
13354
14151
14533
15214
15255
15341
21114
21211
21243
21315
21354
21542
22135
22321
22532
23154
23224
23515
24111
25155
25244
25312
25422
31314
31543
32231
32512
34124
34211
34245
34345
34413
34512
35121
35324
35511
41412
41551
42323
42542
43123
43134
43315
43421
43431
43445
43454
44143
44335
44521
44533
45142
45324
45333
45441
45442
45523
51215
51244
51333
51554
52153
52325
52512
52514
53413
53454
54124
54232
54244
54251
55255
55322
55541
111253
112421
112422
113315
114522
115233
132211
132212
133342
134431
151224
154313
155243
215234
223243
233233
233353
235542
244341
251352
253515
312124
312141
315425
315523
322114
322212
331555
332155
332355
332453
334344
335115
341534
353112
355245
411423
423245
425453
435355
435555
441535
444311
444545
452321
455145
513222
514351
522555
524433
533554
535414
543133
544233
544521
551123
551224
551425
551434
555323
1152353
1323351
1332141
1345152
1345411
1451525
2152355
2152544
2235151
2334441
2335544
2411542
2415534
2452513
2521451
2534111
2541132
2543153
3121423
3224214
3315324
3343455
3432544
3434422
3542131
3542512
3554315
4111153
4121132
4253154
4313513
4333242
4335425
4425124
4532411
5152524
5323211
5323315
5435524
5555432
12423121
13234115
14122241
24112114
31211141
31244152
32435424
35143234
35512551
42155415
43312224
44415242
45422321
51515121
52221553
52453143
53443122
53522311
54143111
55125342

532511353554122143125145512534235333331335125255225
1321123335342345443413255122531142455153
3153142452313454411125144142232314311452355321
13234512124535341254545233532533415452335321
1321333521115222245425514144135441553443154425234224
4523313214431345154332235511531433433313442223142431
13223145512534242245445311124541145322543323
1325212445114245141415553422455214534353243
3454241225245233313115114234444321525433321213434513
43142211511533524543245115325551412224141311525
334434554341434444331222412224133344532514134
515254214321254254152112451252435325154233332523
2123252324444435123222315132552433313253141
32322115235414144155514341532335141531334521114332
4235112224221244155515112231523353531121331223244241212425
125451132153214323355445351543353241143441154141144
43121441152422244111114451223145521245145412533
5341125533151255522115334324332533114441114512341
4124153242311122425232212143113224413141425115
344314212412335435344335145424155422124351425521151
13434353151452353231314225133323345123321423
132455523424424143452145353224425123154234521534
13251533235143531545255345453341544145522423132445
541234145332412224344544511323244435224314522254152312134
2312225125421133512531113543232114242132455531215535232
13222341223255343133215253454425311314444233533525331534511
132455252431411342434152321223253145432115221442332314115
555125311352452511413435443434123123312324522514352
524451522241324514444232343211553222154553331521
132345323232333532145351532154355431145131542432
4434125251451513314334332322554553121555525
33542345114434241511511323524422133232514152532522151323
3323345211245145215432553423511235445312453144124324232
13113413112214241323231235511153511551421321433252121
22142141212324352512122251354413144113212531325
13233343323233555524111212131553145531123144413542212412
2531414225213423423154353432233355115124334445131251125
2514215555544454544242114521433352345241455114243543351513
115255323324154452423115431333325242123153111241312
113323424253552413455314534141224515142451311111431111
2121233252442215213445214221535314345231215232
1324335122233141524521444431545133525315542535515232114252
5551523335151251454254435254434131441454112
232423243411233215142551523515155555525535245345334441
1322351321445451544232345235113442343542435221542
1415325231413413435112135232131515155532355542243125412415
5333151345525223414322315111111533355322313
2514452153451252241554115324112131153215511444114
511124225243244525132321451543525151521153351233
223134325433145213135555434333123332212234424212
132225445254124552313232243144212334251441155213224
1321533342444215343514142324332552125535513344144113132
132555352134555325422245325333142412552455511444444152423
3133223255515535252243513111131455341411442
53322255443324551241145114325415522414442211333312
5541153431124225154234212324453123444235535333242235133133
1131221111255534552425525221425432312253214223
13212522141253253515353155454214553542233423353233
1325125254142353145212445151534314312125453515251
54223521125234222114442515223412415443433443331312
1334243343445324431545544551455231354233343241242243
132155444314314222344153342312433214311545135514
513341221541225131253311145551511344225555245355312532524
1322453445552441251234213331444254444151
13255151412523432142111125253443233155542
415425534451254214125153123452225521444441311313232544511
121135223133321413114345525231415434224241544412241
5513153221253151151551245444431222424344524254421434
122451241132114233133424354121135535342433542231511443554
132241234353254222524243444324315225554152113245533125231324
344223131344334531143313245445343322232245513511
1324354452352141122423455314235113541231132531141152341335
132515244413334521512522342352513255555344354
43451225125125245554423214433113414412442521215453
1323453441512311245313454224352251434152521552353351455
231244454111355445453444225252522322251444425255325555
32221341152144211111451154452153524533523223
535223155335221432332111515514353234345315355425252
341455533321544455251351253415111231514454
132444424212312343545235544235545123555223524444251131
1544255333352312113234415425522521144151535243251
3255114331522542343224431221555355442522544
132144115432355125414331222444131513214355242543235
132545555522512455525212135315315212553545
251222523555153234555135322252554135352334535213341
445254433553343544444313141434541421153542152544
13211132211343541144324314312111414524254344453
51452415512443221122323452315545315255124431134522523
4514524351235544455222514541542355421531442334222245214415
21324354241311323213222121245212324214354353113243544
24254224255551125553553122423432551533244413224331515345
214415345531114123121452134335123251444151
345311323332512444255311225215222152551514543113444132
13225431221334524315231153542324541553555452145132531554354
132353335322212514242241141415423224122145524454415423242
1323444223125255442534431223452331322113312212255545323332
21111553552411125152331333251251522133352425214434124
5451251222125435551432142335321351141235152
25111544151355312125243312122312551532225113515334333
23111215531542255144335313422122455223352115542223
14442121232424235224344122523555332321554154542411311
1322241535545334415554413121512312441521
115114244413222143311144124335211133512331443
5331331214552215155132553451413324245124433325
13255152312532444432443225412543321432334
1323113412511221425413311545245132432144322545134143
13243114313411553325153545435543143124224
535413135144321235511141355445253144313331235153
2511432111244121345422544451544552451233512413
1321222532513224243512434414321135345345544445124355144353
13253311211112232244545514235515432515122444225211255444
51154214435541244434511455521451253443122254142342154543
4333211543355351422344534542214212515245422531212
5222541314135311553551215142522353551144111113132534
214545322324131111252243334521225413251131
3253233513211235432132512324413125114141325
1322415521133311123513431412244522351113
553413134224542232415215433551112421115141351
4535215243121141123115342222413325153113224334314
11115412343344542154144144333224112233312522332535
113443142353525225352122455242155415122253113
453244311433545122511133115552155335313512
34435325143251555215151153534131252332342353253
413443541444113211352551253332315244221224511134
1233451432521415334421543121114135424153152143433152
5334113221221534533253154152324255144513345352253
315442442343135445431451125155433325114415132
51451431415112424513425514523112423443453531233415333
4415354225413323141132355514342231114235524
13231414533424251343412521324411351432343
532315351513431213131524515533315321145315334241
132542234151424251313124324112114322313255444322325322333443
1123134312524335111513231513511544254234351251225
3235132353555342344352221411535425541245555224213
13224434411112213333552343454225243452454554115152242
132332255145435133515425214413154252321412422313352241214445
244123243515522435433153552421544553131525313334343145533
52423513325533525244553143245112332251321311112
1323423114541525424343132531213551255122143351222251454234
4534324555135121235251212241414514243443431
33135232344332351412233411511155353451233112
1321455241345524432551431555525514314441123231351224
13212113335234335135211214241342451233231242421
1341212154421231333354511543123525422234343
13244422244133212542542311255533544124151315243251125
4535331125135245314345312312144355351321523513125
13242425311444454323144332424322324543545513422422453224551
521153121533551213442332452154241251524423
232331543242455141414132423441514535151151233151
323344514532135554131351242213545223553435351
45342424335335125131312111353313134452223543212
11121143244114445311231414232322425545444214552315535
3352553435135243144552341432423233442234542153414542315
53242324445455223512213411345454311325334441
1213154235422131551134154313235522513334311213
1323422342145554335332135145153142455524243242125432532433
451335431555231551422211434114425424555524454455
352343315514213342141441112315414315414221412
43545233154152522422514141111532124431452514532
13223235555451211333435144351451433124115544544124553542
1323342541452214421311231355341342542132512245245513532112
13233153541525254331353133344442155415231524153154
5554134545215431455331451433523543455434332213323
11142213415425131333221253522215533312532531
1324345345532133512314324353535223113432245143444335
32225232223515254542545135112451533514342522352
2351134444433521314215114333145415153452543
1323235354422142421445434253435312344355334535154532
1325535252433115242332321134115312452312354251215441433535
25112533321243554333213145241313142442434131532
132244523414151252344313142511311525324554335433432511
13255425242412421431114524554112154212423121351244155433511
31434543114522533551424142423511445352522124545451142355
145322324514441243131135153132454143531515
13513255325232144522445511443113315542115
132145433251321511255345351145133545452151552
2113441553115251351155341211213353555435423
333241441141242122352351223551255124141421151421313
1324544215311445322424255423455411142331252342425143351412
143435132535551513541125312245213311335141232241415422143
5254121412143132451522525325214514243351132213
132552143312313533351333551424125134515442313233545
13222531315445341415435213344441224154114341333313235
1324132434512555331434253532145335235342133
353113111554412342152321243255242512551411211432442421235
123541551214421144254223212312342321325354253
1325524525234531132341154334124454454521532353222351
215254514355233212141213552243435154124442
3251233511111325342444312454151521551434445121112243
132545525351124355335423441335114524452132
131351345445343533124415332522341445254414
1321344345453235212155453411541235353314
1321324251435541341444152512333121112414425255
132123312111255122552344112252423453551333221222
3231233251134435221211344232355451544415515151215315
23243252432115134331251243253521333525411543
13223312141132154421521145155243545513113351413
124335143234233124512333513154232222351254235131335141
1321332441414341222321353111124123123522332
33213222353215345234523424115532542224144524531551
5223553415445323232425212331233453455451131354452511
22511552435332235324334344442524231454223212532
23423141334541225323325132322121123214211444551535353
544252221522453345212131244531332123444115553133312444
525314312142551515353324434441345321251523313234134353
14243554553232451435512255453415154352212222
325554532334252242531511541441552253352134344325
132414424311152523431342411453323515421531243144514431252231
115453425122554135243143144454335521234254
32435234415124355322353135432431224124213331324412145
3352414153551225342211224331134443334134354212153252
145532243421253314115142244325352231131151551513521215
452442213241345555425442255525454115353324343
5123434454444414243231321425253343415435223113142
154123212242235551232524421335342115554553
1325421552531221232314423132151431132144452352333335
13213133423521541543234134253521225435231
223345251414333113443431455254212523245112215
1323135144414241214112332421555522215532
534253413221444122132141111323341312352241423312
13522145543345154313214455335323224143231322
1322253554244424111155222141343532321532353
13241523323353321554213134315554435113314523
132533255353133224432321223252524321545241141142512311223
32124443451424521414445425445423344434415231
531124255211435554324134152153154243543414125341314453133
1515252514155342331352251435351151253423353242211
3251354152532215531233413312531122451233122124221132
132333253234532122325411511255434515442141533441
1325131131334121344312353533544213133434144413314525
1322352351352433145235533132555155523531321315151
132554334321443134343143142323354513355314
2543252114224534454111523455114524351332154435532333242322
3442554243235254424142142154242415432215423255523511353334
13223331242513234553114121553434143524514215325431255432
1324533151115514312332132242534441143233411125112
1322532115223533315521125435252415132511113521
13221152532543333425232255214451355153235434322
13211455512235534343314325114221242255254322342
1113433542443433144521552552434333345331145151
13224431542354211534122351233543554554151
1334114414554555134355314142215134142215515125123331
3553345554112441124544222453324422231511314152413242
414124152211325111324513411315135244213513124115215332553
254221115442142244511244454251332445332155223221315
1323552553331115211515145435145253325453222242413431
4223313221414421513515312221131151252255255242544123352
4112322154132415455255251323411521425121343
13222322435132553424435211242533412425545215223
241525322242433345124553523411521415443355554255115
442332331152232444152313334443122224542423353
13342155414322133355313111141211423354453335244133
1525442352423453114432152432441534224253435542351215
4132432422442251315141244221132245533431251131434445313434
552434353222224554311511141331324544314145245151354112521
12551411523524214434335352151553322542252435353221414333
31432541312253341334553125344251453255355222413525531
1325124212532521554541521214514214124453315553344245324
15513255332542322232434225515311321514132214354522332
1324532422552514544311245522535452545114514
132434141522555553235535143431454223213535231
353231244152351143111342412225132124552222522255354
13221434525555323122122344115531343152242432151
412543443111422441234124213144515525145434343
2544212353122241155531154354321223434414442142
13255151552255245114211432434221333411112322235313354
43511154435545121442535442154141255543323413124
1211143421444143553413342124355154114143525151552
532435514431315511445412313312542252515154141231555445345
341245314525135334423342535433131331353443
132232111341252123534243153143344424512412554111443525
23522142333442352355434135141441124414542521333134354
32535213235353142221334154143111143252311511
5351331131452353235124423242334214121242444
4313431121344335555531335432554521553332254322441231
1555524343432322154225155221522433314215211
1322343345543514123115534253212241225133142241123
42311121333233312122133544355221525143522343233542443551
13314514444124453341214235232555122115425552523155124324
132445215142434224414213252453143152233443522153
34231215431444335345455453141331551145545344353513
514223514244113351235131342532525152341225
514314441414215142113135115223135224523534155321
132343335425342255353354551131541315125244541534111453351543
132133235455254232435255322411313314441412224121433543122
443111421251433433233233145413243225334323524
1321541143555513141552323213453411342121245
13235421314441353341212544345345415425225
215123541331142314254325241451223535234434
132115354523355114425144333334553111431532
1322552142455533122234334142523554331525334515153454531
13245442421444313224111121244541424222132115333323521155311
5332522554352415114141323554512252235412234225453435415415
514354452354144223131235152423132414321444233514225315
1414535432123144513243142552242443334343331132221312144124
44341142345524253331153532245132133452145545325
1321534341552414545223153435235521341115412441
13255452551211454231434234422532335441154143513144533
132215433352352125215511353253251142112211544314454
3122345435114232554511555144524441524252225
3344424113554343534332345354555315222522551533514234113552
531323324545353312324511112224355135154444434115341
312112212343415343242251544145441551545413453124
314331124155111354244133343351155134223121513125551454
1321112113315155435154411524511332421434414431225
3552552343234453122221412242334155555224415213
3413354151444115543352525312553331415244253241421422
1432525344324324543242523514423252155355232452
422231222431534124235142435145425112514553531414543
132235422335553533245255352114453131324125221144441434543213
1331325412135211534153245341422534422534223143431411
5244135431524551451213321115415314135152233324355541
124533533351134251422121423213332445524432535123453
1323553143221542411135412141145324414234111125324122152
334434521541312513423155314433543552414513123
2453331542551223333145342155555253243323454121341355
132313351121124153331345444231523441532312131131334343224123
513525525153242141413513154331222234332432422231234
53135534312432344434543341115414312123554214221524
13255153125221153325545441513513254315211444252
1324543543222444435211542445422343142132441122423123
13425215433534544324134135132444554552115544243
532113513451323223431431225334113442331511141234452
1525241113424234342351541531511144133154421322122344235
444234254233144434512215244324225222412134341155
13224552222452334143113235235244232223155141
13212134123513313332315442452355341523415555553144
51155355145144354451143132543551555235135322441534343
1434345335255513331142544533133455422243432432323432131
15344145441322234323315242445453455433353524225114344552
132213553443512121125244344232142515135534213
12234514332555521545443134311253514242152234
1322251453434424442511555324524313214432353211
132355214325542324341334124542224125533411215
132115542111454335132245325213322413513442155454335
13253421132524112113143231335143224442212512
331554133144421331311134545154343234333223451211125322
214521553421523325334425113115431151545224425512254
13113414352452142433133542314525312234554131532
2524341425221251144135415411242312153153243
533243325323212211153423113552121445154545323414555111525
25212535153324244344424123323225251545134542114355444
13213215311334532315245423551325145544443444
55511543311312513413524422422251122234444254135243544
13313222531135115254531214143353323222544235423232134
1325231114133413432553314325542521443535431524542
13243121442435133421335231233541431113145534414423442524542
444342142552113133434443433124234123544312435
21135321532542124224235313232422424323324452
353131515445552515232414444253541232255123225
125131443214434421514323544521334551455144123144433442
15235414352543252351453531152122115121344452435
344333355255231442545114535244534322534541225543233115342
435451112423432515112133243325152251231121444454541
1321333212454441232144544215142351332324441
25135334225322542352245213345555543514522152355
245234432313532332535435231514452222341512124
1324535142333115524512541352332435155454512215434
15435431215134113423131142433251512411211442
4523333443541214254434432142251422541251155445
13243341345432113154355533124241421152343
114354531243421121525535514214354343154422244513
3435244415152324155512331113314535434533412554533555
1323423524135352521432153323123443435425535511
55311152443544311245522231352415244313535353
1321151515121143545512312335113353315554
2431414244511325413312523433533135215214535535
2155523241134131334444324351411144425131444
3534154232144152251132512132444432441243333242221532132
131132543534341553251344422242313113145223534253115525113
253543132333454325441243421352245225335154
412131125111324225242325452543235132444343244555
132215213343324345353233553111245441131453542441432454351
112322325552454354255443442215415311423133
1322313131332432534324115442322321223534135425
1324355331333214535441544324135151215332415122151443
3142544244352535241313415323551331233544345122
213234254514131333313545142443434253252223234354442353
442455333451353211111115451312252432351544
13243152432435324213213151235441545251434144513445
2433423514342131114112235531441334335431143
5255455125513331221541554211154342432151525251
532451423321553142441311531125542552423451221154555
132111553552325334542451232141522322455225
13241242535441111252322323445354243211333514324234322324211
5115351223333312215355354132151344251244151143515
2222232352134311411232143214121454142434351425451
332332511241121444235551412553521245155544232143241522143
1325111543512313143334523243542452232514451424
3132554351353555251443554213351434345242421515513311
331255445311324354312541432231553254223441234553551111151
1322313132311444313124134433122251411225352225344
5214333453312241121253441214455522333331243553131554142133
1324122453215335523315233314535224223511544412134532433
32252111533541141155411414413153512124253114351221
1453153434142444514531152524315513251354151224535
531435145312524553515244445425521231114333444413432444
152433523443222343545515334555453535314343354
4331354355523543535344421154322555142345333211552435314333
132145445222252341413215524254444335452555
