17,08
61,69
59,55
61,15
63,25
61,37
06,05
61,52
03,16
11,17
55,19
56,31
62,35
07,08
67,24
43,34
23,07
61,53
69,57
49,43
13,06
26,09
56,49
65,44
69,43
59,40
41,29
54,23
03,10
02,05
46,41
43,38
61,43
37,05
01,05
01,00
01,10
49,19
61,31
39,12
23,28
63,41
34,05
62,25
67,31
61,70
64,31
46,27
06,03
15,16
60,55
56,37
63,31
30,21
67,27
22,29
68,33
43,37
65,37
69,37
09,05
37,01
55,48
52,23
16,09
63,27
64,25
69,34
52,15
23,16
69,56
70,29
68,43
15,23
53,28
51,34
07,15
16,03
14,27
47,26
67,20
40,39
33,03
16,27
59,39
51,31
16,23
57,39
64,51
65,53
21,30
07,26
01,01
57,56
15,01
13,07
52,29
60,49
49,47
11,27
11,19
23,21
45,31
47,45
09,13
03,01
43,44
17,29
30,13
38,31
59,68
37,03
67,59
52,39
69,41
65,38
19,18
48,17
64,47
23,05
55,49
19,25
51,22
17,13
62,21
26,11
47,27
01,02
49,55
19,23
27,31
29,23
63,64
47,32
31,19
59,45
59,60
27,09
67,46
63,38
44,27
44,37
19,19
37,31
65,41
69,39
11,16
56,33
57,51
24,09
23,11
19,17
11,12
67,56
65,35
55,31
29,08
67,30
21,03
64,45
05,17
57,68
05,01
56,29
19,24
61,39
27,20
65,15
48,41
04,07
28,25
26,29
53,50
51,41
16,31
15,32
23,19
19,11
68,15
67,61
06,17
08,21
55,46
18,15
19,29
68,59
19,08
09,23
13,03
06,27
01,04
47,38
61,64
15,07
38,33
18,25
57,25
63,40
65,64
56,35
28,19
21,02
05,19
65,43
17,18
65,57
13,15
24,25
61,58
67,39
31,04
22,01
48,39
56,45
49,34
24,21
47,33
41,13
35,25
50,19
52,41
61,48
53,43
65,66
69,38
28,05
66,31
61,27
27,05
69,50
35,12
27,27
69,51
16,25
09,22
09,25
63,61
41,22
49,16
67,49
64,15
55,33
27,23
59,23
16,17
03,15
17,05
67,55
67,66
67,21
32,07
69,21
18,01
20,13
67,19
59,67
69,48
07,11
63,47
50,37
21,09
46,33
45,42
36,01
55,51
37,32
49,29
58,33
59,22
67,43
29,10
13,20
69,61
51,21
21,26
13,21
43,33
47,24
13,23
45,37
61,56
25,07
24,27
17,19
65,21
55,25
35,07
31,12
57,55
03,03
19,05
59,51
69,70
65,46
50,27
48,35
48,23
63,56
65,39
21,25
53,20
25,01
29,01
59,38
46,19
25,05
57,57
11,23
30,05
67,33
63,49
68,41
11,02
57,43
28,13
21,17
23,08
11,21
57,24
38,03
44,41
55,23
69,17
63,62
53,23
65,61
39,25
69,36
67,44
44,49
48,21
55,41
01,03
53,32
57,35
11,25
63,55
61,67
65,33
49,31
25,06
09,11
61,21
67,65
07,20
57,41
11,29
47,29
63,53
25,17
03,17
25,03
51,19
03,07
05,11
43,47
07,00
68,51
22,09
59,47
65,69
53,35
41,37
65,23
03,02
68,53
49,39
59,44
13,14
69,64
50,49
68,31
48,27
61,65
07,01
57,40
14,01
65,63
09,07
61,59
61,41
41,31
55,26
57,59
27,29
54,31
63,29
66,69
00,15
05,07
59,26
53,34
67,67
45,36
25,22
62,23
63,66
18,03
25,09
58,31
67,23
51,52
45,41
10,01
63,37
59,46
03,05
27,16
21,07
49,53
64,55
30,23
55,43
51,43
17,12
31,11
11,15
11,09
61,47
66,21
07,18
11,22
15,15
49,28
47,30
14,19
26,07
39,27
61,36
67,45
51,39
21,23
31,26
57,61
48,13
52,45
45,24
69,59
63,28
37,04
29,05
39,31
50,25
39,29
62,33
54,37
57,26
63,42
67,41
64,19
69,55
09,08
53,29
13,11
22,33
57,31
09,20
58,43
09,03
52,25
61,45
47,23
55,52
31,07
59,35
19,31
11,11
09,17
64,33
10,13
67,17
10,31
50,23
18,21
20,09
28,01
15,14
55,37
15,13
22,23
50,59
69,49
58,49
53,19
65,31
36,33
17,14
59,20
66,61
51,23
30,01
03,24
26,23
51,32
13,27
57,38
15,09
50,31
12,25
17,25
17,20
09,19
03,09
15,25
25,11
43,24
65,40
12,17
57,29
63,57
66,35
64,21
48,47
08,03
45,45
67,69
57,42
35,13
15,06
23,09
59,58
29,07
18,11
67,68
31,13
24,11
67,62
41,27
40,15
47,67
60,25
23,03
57,36
15,28
61,23
23,25
31,09
42,35
43,28
11,33
61,46
60,41
69,66
12,11
14,25
47,43
15,17
41,49
13,22
69,58
67,16
56,51
17,03
13,25
15,21
62,27
69,29
08,05
55,70
53,30
51,29
69,63
61,68
47,36
51,35
21,06
47,54
67,28
14,03
21,13
15,29
54,39
69,52
56,21
63,65
57,47
29,14
62,31
13,13
41,33
47,41
61,51
20,03
69,31
21,05
67,53
53,21
11,08
43,17
60,33
49,37
16,01
56,43
58,23
29,25
45,25
19,16
55,40
39,28
50,45
21,11
23,13
62,59
58,27
05,14
17,11
57,27
19,00
43,19
41,32
11,01
62,45
53,26
28,07
43,35
65,17
53,25
67,37
54,45
25,20
68,67
66,49
29,19
47,46
49,40
29,11
55,47
15,18
42,39
62,53
09,02
26,17
63,21
65,36
19,15
61,19
57,45
44,35
65,45
01,07
67,35
69,69
63,60
49,30
17,17
51,47
41,30
40,29
20,29
67,15
67,51
49,35
69,47
49,23
61,28
54,17
25,14
13,32
48,33
65,60
67,63
51,17
69,53
21,15
11,18
34,29
11,05
68,19
05,05
11,07
55,24
51,36
15,04
24,17
01,09
55,28
13,10
61,57
14,13
23,27
55,67
69,46
67,57
23,02
47,25
45,23
63,33
15,22
13,08
63,45
16,05
35,01
03,08
04,11
49,45
45,43
27,21
33,01
41,19
63,67
58,35
67,64
29,03
53,16
47,21
01,15
19,09
44,43
46,21
64,63
59,25
66,55
28,31
19,21
21,01
69,45
61,29
35,10
51,58
26,03
41,21
15,19
37,27
53,36
58,51
69,27
51,50
60,37
03,12
43,29
25,15
09,21
53,51
21,37
53,60
54,41
13,01
43,25
25,04
69,67
25,18
51,38
65,30
55,27
47,37
27,03
66,59
36,29
53,37
07,19
18,07
10,25
17,01
65,55
60,29
63,43
53,31
21,04
67,42
49,44
19,27
06,13
65,26
68,37
13,29
35,29
43,32
21,16
04,17
65,29
58,47
47,39
25,19
66,33
08,15
12,27
52,53
64,35
61,33
03,11
21,22
02,15
09,01
63,19
60,43
11,06
05,15
47,35
04,01
29,09
49,25
67,26
65,65
07,10
47,44
69,26
54,53
61,35
35,28
07,37
07,21
65,67
55,35
44,31
11,14
08,13
09,18
44,21
59,66
33,05
57,49
55,39
40,25
14,09
59,33
64,69
09,27
03,13
62,19
17,07
51,37
52,19
07,03
37,29
46,29
07,23
61,34
69,62
06,09
13,09
59,37
57,23
22,25
59,31
68,23
53,61
53,41
27,01
51,25
59,41
65,22
61,61
21,14
27,19
69,22
29,02
51,51
38,35
63,50
09,24
05,03
21,12
33,07
49,42
20,25
63,51
59,59
45,33
54,43
30,15
17,27
53,45
05,13
19,07
49,21
03,22
01,13
40,33
06,23
66,51
53,33
51,45
67,54
67,40
25,21
57,33
10,27
65,27
01,11
27,11
59,49
31,01
29,21
27,26
15,05
63,69
60,31
66,17
23,17
65,25
45,35
11,20
70,17
41,25
13,17
60,53
69,23
51,27
10,11
45,22
64,53
17,09
00,11
55,57
31,03
12,03
69,65
54,49
67,25
07,07
22,19
61,63
65,51
19,01
19,13
65,28
32,03
12,31
13,05
25,24
49,33
47,31
43,23
43,27
61,55
62,67
07,05
09,15
02,07
25,00
52,43
59,54
69,18
43,20
65,58
65,49
65,42
23,01
62,17
53,39
37,26
47,17
53,27
57,53
65,47
11,04
23,06
46,39
45,27
41,26
09,10
63,48
67,47
05,02
27,07
63,35
45,29
63,23
63,24
69,35
63,17
20,19
05,09
37,30
43,21
19,22
15,24
51,33
69,33
09,16
07,06
59,29
19,03
60,21
17,15
33,02
52,47
56,55
45,39
70,55
21,21
53,47
17,21
69,19
32,19
13,19
42,27
07,13
62,39
39,03
37,35
15,11
23,23
17,23
65,59
24,03
61,25
69,28
51,48
07,17
21,20
63,59
18,33
43,30
67,29
04,05
22,15
45,48
67,48
28,03
61,50
28,11
02,13
34,23
09,09
15,12
69,25
62,43
65,18
70,41
22,11
19,06
09,06
19,10
61,06
23,29
01,60
47,19
09,51
49,68
13,33
09,31
29,61
13,37
15,61
29,27
51,57
01,17
46,03
05,69
19,45
39,18
10,49
57,69
31,65
50,03
27,58
43,56
05,27
34,15
41,69
31,59
31,48
51,10
27,55
33,69
45,03
16,41
27,37
42,09
37,06
12,61
24,13
09,49
28,33
61,16
67,07
41,59
11,41
53,08
07,30
33,55
25,69
38,25
45,08
33,17
20,33
18,63
01,20
53,57
55,66
23,60
48,05
24,49
21,41
40,21
43,12
69,13
31,27
19,58
39,54
62,09
04,53
66,07
31,39
65,09
46,69
53,11
01,50
43,45
33,24
19,37
20,55
27,28
59,17
47,10
41,35
65,13
19,57
12,37
17,67
19,36
11,30
05,32
39,66
08,69
55,09
44,51
31,34
11,55
55,07
06,69
22,51
65,05
59,14
29,57
10,67
63,13
39,68
59,43
11,59
25,63
34,25
38,17
32,43
31,51
59,19
65,12
04,25
19,28
37,41
15,56
29,67
23,49
45,55
43,69
37,67
17,63
29,52
16,65
21,59
03,47
46,63
51,61
23,33
19,38
47,53
08,53
17,61
33,43
41,01
32,27
07,45
21,63
65,01
31,05
11,64
32,21
15,31
16,43
03,44
30,17
43,62
26,39
06,61
41,64
37,63
25,44
43,46
17,40
51,49
35,68
25,27
63,01
45,16
17,37
53,67
18,45
09,48
59,08
35,21
41,08
19,33
55,20
34,39
57,67
43,57
39,39
17,65
21,46
06,39
31,33
41,17
35,33
06,63
21,50
28,67
63,11
05,39
26,13
45,05
07,38
05,49
55,17
51,53
44,69
33,53
58,61
67,13
02,69
07,43
11,34
29,51
15,41
28,37
59,01
25,46
05,68
00,41
12,53
53,07
01,55
23,37
16,63
31,17
19,51
31,32
32,39
05,57
25,32
31,45
63,02
18,57
07,31
37,11
58,53
57,05
41,10
58,15
47,57
38,19
42,05
27,25
17,58
37,58
29,59
36,63
07,27
09,44
29,29
31,21
37,21
27,49
44,65
37,16
15,62
23,57
33,54
22,57
21,67
25,30
47,03
44,67
69,14
07,67
53,03
31,50
60,13
53,63
67,11
41,65
55,04
55,11
15,49
41,52
49,49
45,15
27,65
47,64
49,18
29,31
33,60
63,07
57,12
69,02
09,69
43,13
51,07
21,27
49,65
23,36
30,37
31,23
35,67
13,35
13,44
45,59
40,35
13,67
43,03
21,31
37,48
69,07
37,46
39,50
16,55
29,32
03,61
20,59
23,65
58,09
13,55
29,39
31,29
17,68
50,11
41,41
35,62
39,08
25,56
09,41
47,58
52,05
03,67
11,65
45,17
23,47
53,13
21,34
25,61
40,45
32,69
09,58
39,42
23,67
13,39
41,47
63,15
38,55
13,57
31,61
37,53
01,36
25,38
41,43
51,08
51,03
26,61
06,37
22,39
25,41
19,59
03,58
17,33
59,53
40,05
41,03
45,54
29,53
49,61
23,31
20,53
35,55
03,39
43,07
07,09
46,15
33,44
32,35
35,49
55,05
33,25
01,56
33,47
49,60
55,45
28,17
43,11
39,09
29,28
40,43
39,21
05,33
11,47
23,58
41,18
45,51
35,09
13,50
38,45
37,14
15,60
35,57
19,70
30,35
59,27
49,27
41,58
33,62
43,61
05,35
49,51
33,13
17,35
39,60
49,56
39,23
19,48
21,45
09,45
30,29
61,09
27,64
22,45
12,57
37,57
10,39
01,65
01,41
42,55
42,45
11,69
44,61
15,46
15,44
54,05
17,48
40,53
25,54
07,65
59,04
16,49
31,63
49,17
03,49
01,59
11,57
14,41
31,57
31,06
27,38
57,06
11,36
17,39
47,01
40,01
23,63
07,69
05,25
51,06
21,33
45,01
13,45
39,63
35,41
14,59
42,41
23,61
32,29
38,53
00,25
43,59
55,56
49,20
15,65
34,47
23,54
38,49
15,66
66,05
09,38
59,21
35,51
06,53
03,19
05,59
61,11
49,07
46,45
42,49
24,35
64,11
09,62
04,13
31,25
47,51
13,41
69,11
10,59
25,62
20,49
31,18
33,67
25,35
69,09
42,57
47,69
37,39
30,57
45,14
01,31
15,45
09,52
49,69
12,45
28,59
37,00
51,13
02,29
29,40
48,01
11,03
47,50
51,55
62,11
61,18
55,22
67,03
23,15
21,53
51,67
59,05
27,33
35,59
37,19
29,13
45,12
51,02
05,61
05,47
25,53
19,39
45,52
39,45
47,59
19,68
36,17
44,09
50,13
05,58
23,55
02,53
07,25
25,65
35,14
11,48
60,65
17,47
55,65
21,29
09,59
55,15
23,51
53,15
05,37
08,41
16,29
57,17
33,70
16,59
20,47
60,11
39,07
05,48
34,65
33,15
26,67
39,47
43,55
61,62
35,36
49,63
34,41
31,52
55,69
49,04
42,69
47,55
08,31
05,67
48,63
33,51
07,35
19,53
41,05
57,14
41,61
01,57
07,39
03,51
17,41
21,44
54,63
35,37
36,59
28,55
09,33
57,11
37,07
50,53
28,65
05,53
35,56
19,47
37,09
68,09
03,53
48,03
39,65
44,01
27,57
41,16
58,29
56,65
31,66
11,35
60,61
25,31
01,51
29,62
43,41
03,60
44,15
04,35
11,51
63,04
48,09
32,55
18,41
15,39
50,63
51,05
49,66
42,23
23,69
27,68
13,42
25,47
32,31
37,33
05,31
01,23
34,07
69,15
39,01
33,27
43,65
03,59
03,65
07,47
55,18
19,63
07,29
52,69
34,59
51,63
09,63
29,36
13,61
09,28
03,37
17,51
05,63
03,64
05,51
09,67
09,57
43,54
39,15
49,67
19,67
31,35
31,67
37,43
04,67
11,45
20,43
43,01
27,69
52,59
24,67
15,47
27,39
47,00
43,63
04,19
25,49
25,29
51,66
01,27
57,13
23,35
45,49
33,31
14,33
37,59
31,55
15,03
64,07
37,51
32,49
09,35
37,25
56,11
43,49
55,03
44,57
29,33
19,43
11,56
25,23
21,65
52,63
03,43
55,29
25,45
41,55
16,35
27,52
27,43
35,52
05,22
25,59
03,25
63,14
46,55
36,35
39,59
33,57
02,23
06,49
23,39
45,10
13,40
58,19
32,11
33,45
32,15
14,65
41,09
13,69
47,05
36,55
31,69
35,15
07,59
33,42
49,70
52,67
07,49
39,67
53,49
64,05
45,61
01,32
29,44
21,39
39,40
14,67
21,55
06,65
03,42
33,29
40,13
31,31
45,07
29,60
62,01
13,65
39,05
24,63
56,61
49,13
47,06
17,36
50,47
05,46
68,13
43,06
23,38
31,62
21,51
45,63
26,47
49,14
11,61
37,15
13,63
63,03
59,07
27,59
35,27
56,63
47,60
53,17
08,63
27,67
49,15
03,41
21,57
03,38
12,29
01,38
27,35
36,67
45,69
32,67
39,51
24,55
38,57
01,43
34,03
45,13
48,57
37,60
39,19
42,15
00,43
45,09
61,04
02,51
23,68
50,07
03,55
18,43
61,03
08,33
05,56
04,63
03,63
07,60
57,09
05,20
60,17
39,10
43,18
10,53
34,51
43,53
05,55
57,07
06,35
07,51
09,64
11,13
53,05
61,17
08,45
18,55
27,17
30,25
24,61
47,61
03,29
05,65
03,32
63,09
49,11
55,55
29,43
53,01
67,09
31,15
47,07
18,67
59,02
37,64
59,69
19,61
09,37
33,09
21,35
43,39
33,21
17,31
13,47
04,27
52,57
33,39
53,53
40,47
41,67
38,37
34,67
03,27
05,23
51,11
32,37
29,30
59,63
25,13
01,67
01,19
09,43
25,51
39,55
15,50
49,41
66,09
30,67
34,57
35,47
05,43
07,42
21,69
29,45
67,01
09,47
23,41
36,23
07,50
35,19
63,39
25,37
17,57
49,01
35,61
58,57
27,34
35,31
27,53
09,42
65,11
06,33
25,55
35,69
47,15
33,61
48,51
38,21
59,61
61,13
43,64
13,59
17,53
57,15
35,02
41,68
07,53
14,47
33,26
28,45
33,33
52,13
43,09
57,19
24,47
66,13
43,67
51,69
31,49
29,54
05,41
34,49
13,54
31,56
55,08
16,51
40,23
41,53
11,31
21,61
41,39
47,65
29,35
29,41
25,67
55,53
25,58
36,45
56,03
13,43
59,15
25,43
11,43
02,47
37,55
59,65
01,53
61,07
08,35
03,33
49,09
34,13
55,63
13,53
33,10
00,53
20,63
47,47
03,21
49,12
21,47
02,49
11,63
08,67
45,06
29,46
35,63
31,53
43,15
21,60
03,54
51,09
08,47
41,20
51,62
37,37
43,31
38,69
63,63
69,01
34,19
21,56
40,61
53,65
41,63
15,37
02,57
17,45
31,41
26,35
08,57
07,66
55,68
19,65
37,66
59,13
31,44
28,63
01,35
35,65
38,11
49,05
26,43
05,21
01,46
03,40
47,63
15,27
31,43
37,13
58,69
21,49
36,09
28,21
46,61
37,17
45,18
23,43
37,36
43,04
03,35
11,67
30,69
45,67
54,11
35,43
36,39
45,47
30,39
55,02
49,59
23,44
45,11
35,35
23,59
29,37
31,54
21,52
53,04
70,11
17,59
57,58
45,02
11,49
15,68
59,09
57,01
45,66
37,23
24,33
34,31
29,63
39,35
14,63
37,65
10,69
61,49
69,06
57,10
17,60
53,59
35,05
64,09
35,39
35,08
22,63
63,05
01,63
57,21
27,15
69,04
11,60
45,57
37,45
18,51
59,03
12,67
41,48
20,65
15,51
15,35
03,45
07,57
42,61
55,01
12,69
05,45
09,65
11,53
09,29
05,52
02,27
09,53
39,69
27,61
00,61
37,69
02,41
13,38
01,18
07,63
39,62
36,05
53,66
38,63
58,17
27,54
01,49
06,43
45,65
31,40
51,15
14,53
57,37
29,15
27,47
24,31
27,45
20,39
09,39
47,08
58,05
19,35
25,39
07,24
03,62
67,05
18,65
34,33
13,51
17,49
47,56
66,03
27,48
22,53
01,29
04,49
15,33
09,55
14,37
09,61
13,52
36,25
57,65
20,41
45,19
11,39
15,63
40,37
08,27
68,07
32,59
57,63
07,61
15,67
13,31
02,63
04,29
20,31
50,55
37,38
15,69
58,63
59,11
41,02
19,41
01,39
42,65
25,70
01,25
27,63
35,03
68,01
12,65
17,52
55,61
55,59
03,69
37,42
08,51
37,61
33,65
11,46
43,43
61,01
23,45
28,23
45,53
38,43
02,25
21,19
47,13
10,33
02,19
29,65
17,43
06,45
11,50
17,69
30,09
60,01
27,41
01,34
51,59
51,65
50,69
05,29
29,50
29,42
01,28
08,55
25,42
03,31
17,38
41,23
01,33
51,64
39,57
65,03
15,59
47,09
09,36
55,13
69,05
28,41
55,21
30,47
39,06
56,15
41,11
38,13
06,55
65,19
34,37
13,34
35,11
47,11
36,19
17,54
03,57
61,05
45,58
15,55
18,27
14,57
11,37
58,01
17,34
31,64
35,20
39,61
23,40
54,13
45,46
33,64
17,46
67,10
61,08
35,45
07,41
13,48
45,21
54,15
65,07
35,17
29,49
36,43
25,40
49,57
53,00
33,23
57,03
35,54
03,34
39,33
33,35
21,36
53,55
47,68
02,31
27,13
03,46
47,49
01,66
39,11
13,70
41,15
26,65
23,42
39,13
53,02
33,37
67,12
11,44
27,51
01,69
41,51
41,57
54,59
43,51
55,54
04,65
49,03
15,43
62,05
10,55
69,03
29,69
53,09
51,18
28,49
37,47
42,51
47,52
34,45
59,57
01,47
19,62
41,50
10,41
42,13
36,49
39,49
33,63
53,69
65,02
35,23
39,41
05,30
01,37
05,40
53,56
04,37
31,37
19,49
55,10
07,55
37,49
32,47
02,67
21,66
17,55
30,61
45,04
33,49
22,69
33,16
56,07
40,67
29,55
11,62
47,66
15,57
29,47
07,58
41,07
13,49
37,22
43,05
68,03
43,60
35,53
39,43
25,33
19,69
52,09
65,00
51,01
01,68
15,53
03,23
36,51
15,38
31,58
57,64
31,47
62,13
25,52
01,61
01,21
01,45
33,41
11,40
39,17
21,43
29,17
39,37
39,02
33,19
41,45
40,57
42,03
18,31
25,25
21,68
25,57
23,53
07,33
33,59
54,61
33,11
39,53
24,65
25,50
19,55
27,56
33,22
04,57
28,40
32,53
55,62
37,40
39,14
00,35
10,40
56,67
68,20
36,57
06,31
10,30
48,62
16,62
70,65
16,67
43,08
10,70
13,58
28,56
00,55
52,54
44,56
62,55
62,65
53,62
22,44
36,54
58,56
63,18
10,68
16,32
00,65
16,46
31,68
64,12
66,10
30,62
12,63
30,41
70,26
32,64
01,48
36,62
26,32
42,11
07,54
34,35
34,61
70,18
02,32
06,12
14,35
70,42
02,50
14,22
35,26
20,26
48,68
16,50
25,26
54,46
39,38
49,46
02,56
24,52
00,66
34,02
54,60
54,65
25,60
38,52
42,29
28,24
11,70
54,40
46,07
68,35
14,66
29,26
42,70
34,24
70,22
46,31
48,32
52,66
56,36
51,12
00,18
38,18
08,30
20,30
48,37
06,18
40,14
06,38
21,28
25,36
05,28
06,51
54,56
69,24
44,58
49,52
28,38
48,44
40,04
13,28
04,51
14,24
46,32
44,02
26,50
10,52
00,44
43,10
30,33
07,62
30,32
12,39
68,34
30,52
46,56
36,42
06,19
42,04
08,19
25,48
15,70
62,60
50,64
29,34
16,00
60,24
45,30
40,32
42,30
19,34
00,34
06,41
40,06
51,70
59,70
10,02
30,50
50,32
34,50
49,00
46,43
14,32
63,34
26,59
10,43
10,34
49,64
66,27
52,51
42,53
56,57
10,12
55,16
63,58
14,68
10,45
06,11
56,68
40,26
18,08
46,05
02,48
06,20
42,58
26,38
26,21
34,36
35,34
28,29
04,32
60,03
08,37
36,00
24,42
24,28
38,67
42,67
40,18
18,22
39,64
12,55
04,43
66,53
61,02
23,34
42,14
40,59
68,26
70,64
62,49
60,07
23,30
36,66
20,69
57,08
16,48
09,50
27,22
29,18
13,24
12,46
12,62
70,31
32,25
57,16
28,39
24,34
44,70
07,34
34,55
26,44
70,24
12,59
41,04
34,58
25,28
11,28
29,48
70,25
42,02
52,62
16,70
39,48
44,32
62,58
48,42
17,70
31,36
09,46
39,44
25,64
02,44
30,18
14,30
09,30
24,37
04,41
34,40
65,24
29,56
00,56
00,70
34,70
34,48
08,66
17,66
18,23
15,20
33,34
61,14
32,26
50,62
34,22
06,70
39,56
20,27
40,55
00,52
03,36
14,38
67,14
47,40
26,64
26,24
44,13
22,16
46,52
35,42
42,24
24,66
42,50
10,63
30,30
40,17
06,40
52,08
45,70
66,24
05,10
46,47
16,22
31,30
68,29
60,57
38,06
14,58
36,32
34,32
22,48
42,47
52,40
18,38
36,18
26,34
44,04
52,61
24,59
51,40
27,32
00,48
16,54
42,52
48,29
03,18
28,57
52,07
45,60
15,64
50,52
35,38
14,21
40,48
00,24
67,52
30,68
48,67
27,66
46,62
60,52
62,28
18,56
24,58
38,12
03,48
50,58
62,15
45,50
29,24
42,25
60,04
36,69
43,52
12,66
19,42
16,26
32,33
50,33
21,38
17,04
46,04
60,63
26,66
43,36
34,08
00,22
32,60
41,70
28,68
65,10
14,55
26,25
34,12
35,30
11,52
16,69
13,30
00,30
46,36
08,62
33,14
43,42
36,38
45,56
18,46
46,11
58,16
70,56
17,10
02,34
38,27
11,66
06,50
05,34
22,49
66,36
70,60
62,18
41,12
12,60
38,04
51,46
06,47
14,70
04,21
56,69
24,68
18,29
30,40
11,32
64,10
02,54
54,64
24,32
40,07
31,24
36,44
70,07
65,52
01,06
37,44
18,00
05,18
23,26
53,46
33,38
38,34
63,12
68,25
42,60
55,50
05,50
53,68
40,03
58,55
12,30
31,60
18,26
30,24
34,20
08,48
62,12
23,46
04,68
24,51
10,37
26,27
59,12
44,46
42,37
22,62
08,50
30,64
62,66
02,42
38,44
31,42
38,39
28,70
70,04
15,30
68,30
18,47
02,66
05,12
40,50
63,10
15,34
54,50
38,58
13,66
70,03
00,16
58,08
44,36
46,28
24,43
16,64
06,46
40,24
07,70
18,39
23,48
08,18
57,70
45,28
00,33
38,15
58,52
40,28
14,00
08,49
40,64
40,66
58,59
60,67
14,20
17,62
30,31
02,37
02,61
26,31
28,64
62,06
54,16
55,34
18,49
64,46
17,44
30,26
55,60
66,48
62,16
33,20
20,23
02,46
50,40
30,04
64,52
00,21
62,47
23,52
42,48
30,19
02,43
42,31
66,23
44,52
36,41
42,10
13,18
06,32
50,22
48,28
12,42
31,70
44,33
35,50
58,65
48,65
26,58
62,68
17,02
56,04
07,22
03,68
70,20
05,08
08,16
46,10
06,10
55,14
04,69
60,08
44,20
00,39
08,17
51,28
01,26
60,18
29,38
03,50
31,46
01,64
13,04
33,66
32,10
41,44
52,28
64,01
40,54
34,44
03,52
29,70
60,56
16,19
57,22
18,66
36,53
52,30
56,24
06,28
36,48
12,15
56,26
16,20
54,22
28,12
01,16
32,00
69,00
12,64
43,02
20,42
36,61
30,28
61,40
24,45
34,14
32,54
54,38
70,63
56,14
12,04
64,06
58,06
67,36
54,14
12,22
61,42
62,57
70,14
24,69
08,32
63,70
64,67
30,51
63,08
66,40
46,30
68,02
47,20
22,64
24,18
52,58
06,67
33,04
38,48
24,19
46,40
64,23
22,27
10,64
44,22
46,67
48,30
10,51
42,63
38,07
64,26
62,32
10,60
61,12
05,26
59,34
00,62
24,57
21,08
04,22
69,60
35,00
57,00
22,65
44,29
00,58
04,00
28,26
68,18
66,22
01,58
22,68
38,65
56,28
23,70
44,45
07,48
66,30
02,60
36,07
24,39
30,06
46,59
46,13
45,20
69,42
68,39
04,47
66,46
11,10
68,36
43,00
24,30
70,36
22,34
22,05
53,14
38,16
28,00
70,48
65,68
62,41
28,36
39,36
57,54
22,18
65,48
06,58
65,70
20,66
48,36
32,65
27,10
20,06
06,44
70,19
67,50
10,09
68,10
48,45
36,12
52,42
24,01
56,25
65,62
22,02
42,66
45,62
53,24
28,34
70,09
26,04
68,49
53,06
28,44
40,19
04,02
46,14
20,57
27,46
34,11
08,56
41,00
14,49
09,60
49,48
02,22
54,25
40,11
22,35
00,54
32,66
14,56
54,48
16,56
32,06
00,01
05,64
58,00
70,52
20,38
06,06
48,55
32,44
20,28
66,11
12,34
06,66
58,48
01,42
52,37
34,68
14,28
34,27
70,02
00,59
46,18
43,68
59,24
58,25
48,07
10,56
48,11
40,58
44,53
54,70
20,46
32,23
52,46
58,66
46,54
48,08
64,54
50,09
48,56
39,30
32,17
36,30
58,37
10,23
28,53
62,14
50,66
10,28
64,57
07,16
59,30
51,42
22,21
24,04
70,00
58,46
22,22
02,62
24,16
31,14
70,34
10,54
17,06
59,28
35,06
00,17
44,18
66,14
16,33
00,03
04,15
50,57
68,16
44,62
62,52
22,58
44,17
00,64
26,12
36,20
36,15
28,18
50,01
22,03
22,00
03,26
70,62
60,51
32,24
64,60
34,54
36,34
00,36
41,34
12,24
02,70
68,08
06,15
05,36
46,09
12,26
41,40
54,00
69,32
29,00
26,42
20,54
59,18
03,30
66,16
68,48
08,58
44,24
01,54
19,32
20,60
12,58
30,48
46,49
16,60
40,02
09,66
41,38
38,54
09,00
52,14
26,55
06,30
39,04
68,00
25,12
01,08
14,18
09,32
11,26
52,34
62,26
12,36
26,18
36,64
42,56
30,44
02,36
34,06
15,02
68,42
28,62
54,29
00,51
30,49
28,27
02,00
66,28
62,40
22,37
48,02
68,22
54,32
56,18
50,26
04,20
42,22
53,22
26,52
35,04
65,54
44,03
02,58
38,36
08,22
45,40
48,15
62,34
14,51
02,06
39,26
30,27
00,06
30,34
70,57
08,02
54,18
37,50
68,57
68,62
64,61
68,17
28,16
58,21
54,21
40,10
50,36
60,38
44,12
32,41
58,41
42,43
16,21
60,66
18,34
18,60
06,64
50,70
54,02
36,60
34,63
61,00
13,56
47,16
42,33
16,42
67,34
20,56
28,46
48,22
20,35
30,58
46,68
02,11
48,18
16,06
54,51
10,61
03,00
04,26
46,25
34,10
55,44
40,20
18,68
70,10
44,47
35,48
11,68
64,38
64,20
24,46
12,06
70,51
32,32
68,28
49,26
15,10
24,08
06,59
49,62
38,61
28,08
24,36
18,35
04,61
20,17
22,36
60,05
48,12
66,38
50,17
28,42
62,69
35,46
52,01
10,58
24,44
30,56
04,08
64,64
42,08
49,54
