111111111101000011100110110111110101111111001010111111110111110111100111001100111110110111110010111111111000001001111110111001000100111
101101000101101011010101001011111011001001001110100101110010011101001000111011101010111111101111101011111111011011100110110011001100110
011111111010101101111111111101011011000010110001111111011010010011111111011101001111111111110111111100101101010011111110011100111011111
111010110111110101010001010111010100110101111101100111111101111001100110011010111001111111101110111111110111111111101001011011111101011
111100000011001000010010101101110111101110010011100111011110011011101110011111110011001101011010110101111111110010001111111001010011011
111110111111000011111001111111111101110011011111111011011001101111111111111111001000111000110101101110011101110011110010000110011110110
011111100111110011110000010111011110110011101111110010111101010101110001011010101110110011111110101101111101111101110010111111110011111
111011111111110111110110111001010100111111111011111001011101111000110110110111110011110011001000011001111101010101100110010111001110011
011110101111100110000110000110011110111110000111010111111011101111011110111111101001111111101011011011110001000100101011010010111111110
100100111101110100100001011100100011101111111101101101010111001111100000110100111100111010100111011111001111100011100011010101110001110
111111011100100101011000011001000001111011101111111000111011111100010111001111111111000111011111111110111101000111111011011110111100111
011110010110110100010111101110100011111010101110000111111110111101101110101001111110100011100000011111111100111101111011111110110101111
000111101011010010100100110011111111101011101111011011111010011110011100110010100011101010101001111011000000111111011110111111111011111
100111101111111101100001010111111101110101110101111011011110100111011111110001111011101010110101011111101010100001111111111011111111010
011101110101000011111000011111101111111101011111111111011111111000100110011101000010111101101110110001101111111011101100100111110110011
011011010001100111110111110011011011101101101011011101001110011101010110001000001110111111011011100110010001111001110011011101110101110
111111011001111001100011001111010110010011101011000111011100111111011001010011111001000001100111111110011000011100111001011011110111101
011100110111111110111000101111110010101111001111111011011011011101100110010100111101101111001111011101011111111110001011010111111101110
011111101111011110111011010111000011001110010011111011011100010011101011010110110100111111110100111010100001000001110110011011010111111
111011111111101011011100100001101110011110101011001111111111001101011111110111100101000011110011011111100111011110011110110011110100100
110101101001010111101101010001110000110111101100111111011100010101001011111011011110111111110111011111111111010111111011101110110011111
101110011110100111011000001101010111100100111110111001000111111110011101100110111111111011110110001111110110001111110101111011011000000
101101111111111111111000101000111100001001111101111011101011111111111011001000010010011100101111111110110101100101111101111101011111111
111111010111111100110100110100101001111111100011101101111110111011001101111110010110010111101010111101101111101100011010011101111110101
100010110110011010001111101011111001011110110010001100110011001101011110111101001111101000101110100100101100111110101000001110110000000
110010111110111111100100001001111111011110101110011100010000010011101000011011111111011101111110110111111101001111100111111000011101110
111001000111101111110111011100110111011101000110110101111110111011100010100111111111000001000110011101101101111101010110111011111000101
101010001110111101011110111110110101111100011101001111111111001101101101001001111100000111011101010111111101010100100111101110010110011
111111111010110111111110110011101010100100111101111111000111100111011110111001011001001111111110110101011011110010010011111111100011000
111111111011010111011010111001111100111111110111101000000111111000111110111101101111110101111010010110010001111100011110010111101011101
110100011100011111101101110100111001101011010101100111011101100011111111110101111011011110111010101111101110000101110011011101110110011
110100011011100011111101001011010110110100011011110100011111100111011100001011110011011110111111101011011010101111011110101110110001110
001001111111101101101011101101010111110100111101110011100001110101001011111010101111110010011110110111110011111111111101111111110111000
101111011010110011111111001010011100111110110111111101110011011101101010010111111011101110111010111110011110010111100111111111100110111
110110111010101011011100011100111111110111011111101101011111010111001010001011001100100010111110111100001110110001001101101011111011110
110111100110011110011001110011110101110011110111111110101111111110011010110011101110010011011001010101010111111100100110111111010001110
101101101011111010001001011101110111111111110111101111101111101111010111110101111110111110110101000110111000011000001010011110111001110
111010011111101001101111110001000010110100011101111111111100111101110110001111001010101000011111001111001001111111010001110010111111111
101010000110111111110000110011110011100101111101111100100100011101111000100100001101011101010101111110110111110111011001011011111110110
011110011111100101011110011111101111101110111011011011110111011111111011110011111110110101110000111101111100111101011101110011111101111
110011111101101101011100010100111010111010011110100101000111011111101101110111111111101111011001101111110100100010111111011111011111010
110011111101111011111011101100011111011000110010101101011001011110011110100111111110101110111001011101111110110111111101101111001111011
101011110011111101111111111001011011100111011111110100101111111001011011111111101001001111100111001011110111111011001110011000010000101
001010100101111011110010101110101111001010111001111111101100111111111111111110110000001001111111010101011000011100110111100101111110101
111011000111111010111100111110101110001001011111110011111111011101101100111101110011101101111011111110110100111011111111111111010011101
101011111001011111110101111100001001110111001010011110101111010010111111101001000111111001111111101110000110011111100111010100001011001
001011111101110111100111111111100010100011111110110111111111110011011111110111000111111110011111111010110001100111001101010010101101110
100011110010101100100100101101101111010010111110010110110001110111110110001111010111010001110100111100011011100000001111111101111110100
001001100110100011101110010111010001100100001011011011101111111011111001101010111000101001101111110011110110111110101000111111111111110
111001101111010011100100111111111110111100101111011101111101100111111001011111101111101111111111000011010101101010111111101111111101110
000011101101011001101101010010100011111000101100110111111011111011000111001001100111111011101100111110100000111110101010010110011111110
111001011110111011111101010011110010110100111011111110011000111110110110001111110010110101101110011111110111000010110111100101011011011
001101111111111111101110011101011110011110111010001111100101101000111100011100111010110101101000000101111111110000111010001100011111111
101111110100011110100011010111101000001110101011101101111110110011111011001011110111101111111100001010111101001001110101011100111101110
010011111101101111101111111110100110011010111110111111001110111110001111111011011011111001001100111010111101111111111100110110100011111
111000010001101111110111011101000011010110111010111111011111111001011111111100111010101010101010010001001111010110111111111101110111110
111101011101111111110100111111111011011111010101001011011101111111010101110110101001101101111111000111101010111011111110011011011110111
100100001111010101011111110110111101111111110111110111111111011001011110101111011010110111110010101111101110111110111111011001110111001
101010000111110111110110010011011100100110110100101101111101110110110111111111100101010110001111101101111010100110101111101111001011011
110111111010101111100111101001010011110010100011111111010111110100111111110110111110000111110110011100111110110111111010110001111101110
010111110001111100111000100110011110110100101011101100001111111001011011001000000111111101101111010001011111111101110011111110010010110
101101000110111101100010101111111110000101011100100110011000101110101111111110100101011001101110110011011011000111110001111111011110110
011110011101111101101101110110111100111011010011100010111001010011100101101000111110111011111101110111110100100100011011100111001110101
101111011011010011000111111111101110111101111101011111111101010111101100101111110111111111000101010110110110011100110111010111111000011
100001101011111000101111110001100101010011011001000110000110110000001110010011111111111111111100100101111011001011011101111100111010000
111101010011011111101111110100111001101111001011011110000110100111011000111011101010111010111001101111100011001011111011101101101110100
111011110111100101110001111010100100111001100111010111111001110111110111111011111010001000111011011111101111111111111110101001101010100
101110101000011111101111111110001111111001111101011011110101111110110110111111101100111011000111010110110011111101111011111011110100000
001011110001000011111111001001111010100101111001110110111011111111101010011001101110110101111101111111110110111110101110011101111101110
010101011111100000101001011111101001011000001110111100011011101110111110111101001011111100110110111111111110100111001000110101101101111
110001110111100001111011000110011110111111100111000111011101110011111110110111111010100110111100111011001010111111011111111110011011101
111010001111001111101110111001111011110011000111111101100111101101001111110110001111011111110010010011010011110111011001110011101101111
110000101001111111110111011010100110110110011111111111111100001011000111101101010110111101100111101000001101000100101011011010111011011
111111010111111001001011100001001111011111111110101101111011111000111001010100100110111011101100110011110111101111111111111110110011101
111001111011001010101010111111110100101101111110011101100011111111101101110000110000100100010011100011010110101110101110010111101111111
111111100111101010111011100000011100100100110101100111111101100111101011001010110110111100111001111111111111001011010111111101011100001
111110110011110100111111111111111110111100100111111011100101101100111100110100110110000111011010110011101000101011011000011111111101111
100011110001010011011111110011001010110010011100011111111101111011111111111001110110111101011001101111110110110000101111111111111011100
001011011111011101101001111011111111011111111000011110100111110111001111111001111111010011111110111111111111111110100111101000111101000
010111111101111100001110100111001111011011000001111011011111010010101110011100111000101111011011111011001010101010101111111101001001101
110100111011111101110101011011111111110001100011101011110111111111100111110111011111101000011111000001110000110110110001010100001011110
111111111001110100001111110011110001001111100111110001111010010100101100111101111100011010101101010101010110111111001100011110111101111
100111101001110110111011101101110011111111111110001011011111111000001001111101101100011010111101111001011101001100001011011110111100111
011111100111011001111011101101010110011111011001011110110110110010110110111101011111111111011010000111101111110001100111110111011111100
011010010110101011001110111101111100110000100101101101011110000001110101111101011001111101111100111010100010110111110110111111101111110
111111011110001100111110100100101010100010011010100101101011011011001100110110011101100111101011110010011110111111101010111101110110111
111111111011101100010110111100011111001111111111101011001010101100001100111111000110101101011111001111011010111101001111111110100110111
010101100111111010110110011111100111100100110111111101111001011011111110111100110111111001111001101011110110100000110001111111011101111
111111011101110000101111111011111101110011110010001011100110001110010111010101111011011010100101101001110110111111011111011110111111101
010111111111000101101111001110101011111011111111111110101111101011111101010110111111111111111111100001001010011011111101010001110011110
010010111011001101111010101000111111111110010011011110110011101100110110111111111101110110101111011111110110011101100111101101101101011
111101110011010000111111010111101110111101011010010110111111111001110111011111111011111110101100011101111101000110111111110010110110010
111010110110010011111100111000111110101110011101101110101001100111111101110000110111111010110110101110011001111110111101111010000101111
011111011111110101111110100100110111110111100101011101010110101110111101101101011011111001100111110110001111111100010111010111011001101
110010110101111111111010101001111111101111110111111101101001101110110111011000011110001011101001111111111101011001010110011111011010111
100111001110111110000010101111101111101001010011011111111100010110000110111101111111100011101101111100110010111111010001100001011001101
001110110001110101110011111011010011101011111011100101101111011001001110001111011001010011011101100111001100100011001010100100111011111
001110001011011011011111111011001111111101100010011101001011111111111011101111100001100011111000110100001111111001111110100001111001010
110111100100001101001101010011111111001111111000101111111111011111111010010111010111111101101110111011101111110000111001000111010101001
111100111111101110001011111111110011010110101111110011010101011100011101101110111011111010010111111110001110011011110101101111000111010
110111111111011110101101111101110111000001000000111010111111110111110010111100111111001000001111000110111101011011111111011101001000111
000100101110011111011100011110101001111111001110001111011100110010110000111111100111100111111011011011110111100011000101011110011011100
111111010100110010101100111111011011000101110110010000101011110110110011111011100101001110111011011010100101111010111101110101010111010
101101110111111111100000011001101000111011101101111110000011111100010100101111011101111011010111110111000111111111011011110000111011010
111101000111000011101101110011110101110011101010111011110101101110001100011100101110111011101110011001010011011111010110111111111110101
111010101110110110111110001100001111011111100111011001111011100011001010001111111101011111111010110111110110101011110101011111010111110
010111101101101011000101011101111011110111111111010110111100011010111110010001000001111101110111011111100001010111111000100101011001111
110111111110011111101111111111110111111101110000010110101011110010111111111111111011111011011011000110111001111110110110111110111110101
110111001101011111010110111101110000111101011011111010101110001011111111111000010110010011110111110101111110011110110111110110111111110
000011011110000010110111111111101011010010001101011111000100001110101101011111111111111011111110000011101101001100011000110001011011111
111110111100000111101110110011000011110110101010110101000010101100101110000100010010111001110000111101001110111101010101100011011110110
110101101101010100011011101111010011011010000011110101111111001010111111111101111110101001101111110110101101001110000111111010100100111
111011111111010100011110101010011110100001101101111111111011111011111001111010011100111111111111111111111010001011011001011110101011110
110110001101101000001111110111110001011111001011101110011101101000011000110101000100011001011110111101011111010100010100111011100110111
111111101101111100011101110110111001010100110111011011101110010101100000111011110000011110101011111111100110000011101110110110101100101
110010011101011100110111101111111111111111000100101010101011111110010111111001011111110110101111010010111011101011111011010111100000111
011011101110111101110111101100101111011111011010100111101111111001100101111101011111011111101111011111111101001111011111110111111111011
111111001111101110110110111111110011110111011110001001111100110100011001111011011101011111110111101110011100101111110001010111011110000
101001001011111110101111011110001111100111110110111111111001111110100110100011100111111010011101011001111111111000111111111011110011110
111101011101101011111010111101001110100100111110101101111111100001010011111111011000000001000000110101101111111010100001011111111110111
000011101111110001111111101111011000011100011100101110001010010011011111101101101001010101101111010010011101110101110110010011001111011
010011101110101100111011100000111101100111011111101111011111110001001110101111110101100011100011110110111111011101100110101110110011010
010010011001110111010101101011000111110011111011110001111100100111010111110010011111011011010100111101111000111101010110111111101101100
001111101000110110110101100011101000000101011100110011110011111111101110011111111110111101101110111000111000101011100011111111101101111
100101111111111001001101101100111111111011101111110010011111010111011111101000111011110111110111001111101011001111000110111111111110101
010011111100011110000101101001100110010001110100011010111111111011111111000011011110110001111001101100001010000011110110001101111110001
010101101111010110111001111111110011011110111011111111111110001111101001111111011111000100011000111001001111111110110111110001001001110
010101100111110011111100011011111101100111111000000110110111101101010101001010111101011001101001111000010101000011000110110011011010110
111111001011001100000010110110010011110110111011111101111010111110001101101100111011011111101111001100011011100111111000110100111011101
111101111101110101110110011000111010110010011100100000010001011010010001011110111101010111111000100011101101000011111111101001111101011
101011101101111111110111001111111010011001010010001111111010111110101010101011110111011011110111011111100010110110011111100101101110111
101011010110111101001100000111011110001111011111010100110011101101110111011111111010100011111011111001010110101001110110110110100110111
101111101111101101011011111010111011111101011101111111010111011111001011100111111010111111000111001110011101011110000110110101110011110
101111010001011001101101111111110001110111110111111111110101111111101010010111101011011000101101111101010111111011110010111110111001110
010111110101110110110010100111111111001011110111010001110110001000011110011000000011011001011111001100111001110100100011100111101111111
