001,079,-93,036
037,071,-49,011
026,056,043,078
015,006,008,-45
028,022,089,-32
055,052,099,-59
055,028,-51,-53
042,008,-50,014
057,038,-31,016
014,102,-56,084
041,020,-73,-17
074,040,-79,071
096,083,-10,-85
063,066,055,-07
085,089,071,095
011,058,-36,045
097,072,014,003
094,016,-56,-48
071,015,-92,-49
004,009,003,072
084,045,020,093
084,013,-61,-68
042,031,072,071
010,062,-79,080
054,021,-42,-17
035,055,087,038
032,056,028,089
098,052,-63,067
098,065,049,074
032,009,-77,041
098,018,-28,072
030,016,-33,-63
052,101,-97,043
035,039,-16,-10
067,094,048,-16
021,069,024,066
046,069,-50,-06
002,024,-60,-70
006,088,-87,-89
033,096,064,069
029,080,034,022
052,023,083,057
093,011,093,010
013,078,-01,-37
066,028,-90,-24
021,101,-25,032
071,089,-46,087
005,094,091,047
043,040,022,073
092,012,018,-82
022,020,043,-83
003,045,-41,093
095,017,053,-94
043,006,-99,-84
006,073,-93,078
032,037,-23,-81
018,042,038,082
085,077,071,084
002,064,049,015
095,040,-74,082
047,090,-18,-19
036,075,-91,-36
080,026,-72,-46
005,059,-94,-66
049,055,-53,037
100,003,082,017
034,028,077,-04
033,008,041,087
078,007,-05,-14
015,007,045,094
014,094,067,095
038,000,-16,076
034,010,-86,-57
015,057,-05,001
026,052,-36,-03
080,037,016,-87
061,044,083,082
069,009,-49,093
070,065,-45,026
039,002,-58,047
059,098,013,080
094,042,060,-32
005,039,-68,084
094,082,-39,-93
058,082,-51,091
034,001,-82,050
090,060,-39,004
025,024,063,035
039,057,028,052
015,063,-67,-11
078,040,-33,034
016,066,026,024
049,074,-86,-30
061,023,079,-39
064,065,011,-66
039,098,-47,035
100,098,007,-52
050,027,-43,052
092,009,-81,-83
078,057,060,031
005,062,-54,-66
097,097,-19,-23
053,077,003,061
067,012,025,004
062,051,-81,012
024,062,-14,099
050,074,-07,-22
010,083,-67,-37
065,086,057,084
000,029,-63,042
042,061,076,085
039,049,059,036
100,004,-74,036
036,099,-72,032
051,020,-07,-78
085,018,-37,-31
057,000,079,-93
078,029,-81,-28
087,102,-83,020
021,081,-78,044
016,052,012,032
033,099,-67,-63
019,039,052,-73
071,039,-13,023
022,036,032,093
091,047,095,034
023,049,-07,001
051,038,-12,-75
080,035,097,-06
025,083,054,049
047,097,009,-25
087,073,007,-59
079,092,-20,-01
040,011,013,050
083,071,-13,-24
069,013,-01,-33
098,008,051,080
012,039,034,-58
052,040,021,020
016,000,-15,054
022,052,076,-58
023,043,-25,049
080,081,-37,-19
045,095,-07,-34
059,019,081,-57
021,056,011,-44
014,009,056,-47
075,049,009,045
045,095,-66,014
024,045,054,023
082,003,-04,025
022,072,-79,-96
080,086,051,093
050,102,094,084
042,026,-71,072
057,045,-88,-62
044,061,085,-58
067,003,-90,-20
023,035,085,-55
064,101,011,073
073,095,046,-96
060,040,048,-87
058,004,-88,032
060,077,-02,099
078,045,-33,034
019,013,054,075
080,059,097,-80
097,000,038,076
054,047,-31,012
010,085,041,027
029,054,065,-18
073,087,-68,-74
044,086,057,078
042,052,028,023
005,030,051,007
041,001,090,-02
019,009,045,083
085,084,049,-11
080,069,-48,096
005,046,-54,-21
087,058,097,-33
069,002,059,088
028,015,005,097
006,057,001,-07
036,102,-11,-92
017,027,080,-20
047,102,083,084
032,023,042,090
045,056,-84,-62
074,051,088,038
042,061,-95,-15
041,011,-36,-35
094,055,-15,-13
093,044,073,-36
038,022,074,086
035,049,063,-95
018,046,-11,042
049,042,004,-10
026,080,046,071
073,071,-13,-96
007,091,-80,069
038,063,021,098
041,075,-95,088
033,053,-03,-14
093,089,-43,043
020,026,-23,-98
087,040,-50,078
016,060,093,-47
055,001,092,-60
072,098,-86,-07
081,040,053,075
007,048,-06,-29
047,022,034,044
006,054,-87,-84
090,102,-52,024
025,034,-84,-69
059,078,009,037
074,055,081,070
086,090,005,-55
080,047,097,-91
045,005,-40,006
026,094,043,014
035,084,041,-85
072,086,-49,-98
064,033,079,-98
087,058,-24,012
006,013,-17,031
089,047,019,-69
019,024,-76,-43
017,072,012,066
038,049,061,-95
039,024,028,-83
056,027,048,079
062,047,-65,-30
059,027,-77,016
054,069,-66,-22
034,000,082,033
045,013,075,033
054,062,-99,-44
027,094,-01,047
061,021,035,-28
000,039,060,-69
097,063,060,038
087,094,-35,051
066,005,042,-13
003,008,093,-27
004,067,016,-52
047,096,081,018
049,015,-77,-49
006,092,-52,062
030,046,-62,086
072,025,-70,079
067,018,-53,-94
042,040,028,-80
027,091,-98,-14
042,099,038,008
021,016,-18,007
097,033,040,042
002,097,093,025
045,069,083,073
039,014,070,006
051,036,-42,082
002,002,-52,-60
062,022,-88,042
060,086,-41,-68
042,011,076,057
027,076,052,-92
016,022,-36,-51
005,034,-27,-61
076,060,077,-84
044,037,069,003
020,065,010,-51
065,047,-95,070
045,002,083,-53
031,075,-25,-63
087,038,-08,-32
041,029,-56,-54
010,065,017,051
017,012,-12,013
061,044,022,-39
021,061,-01,-15
013,052,-41,-10
001,026,053,020
062,059,-57,-40
066,016,-33,094
050,071,024,095
001,027,-50,083
098,090,029,098
080,069,-19,031
019,041,039,-67
048,036,-75,019
012,092,065,-86
029,091,-91,006
020,049,065,012
053,091,095,030
063,097,-70,091
029,053,-16,067
041,030,-07,053
018,081,032,-49
022,062,054,-66
091,080,051,-08
012,081,056,-74
050,046,-11,027
025,052,-69,-14
009,083,058,-08
042,047,-27,023
071,085,069,-72
044,102,094,038
063,083,-14,009
082,067,031,092
058,022,-89,-09
048,072,-42,-55
056,088,-77,018
039,039,-06,-54
034,048,-03,-36
052,081,058,-42
023,087,056,062
074,056,-47,-18
045,001,-93,-20
062,010,002,-05
014,082,072,-93
028,021,-78,020
001,052,-72,056
019,057,-01,078
032,067,-16,-77
098,022,086,024
010,021,-72,007
052,032,068,078
083,054,-50,051
009,082,-64,052
075,041,-62,-59
045,065,011,-44
074,079,066,-04
066,002,013,-07
043,091,081,006
001,052,-94,-99
020,086,-23,080
080,011,-04,-09
019,058,-23,092
058,102,013,-82
084,070,053,-44
015,100,054,002
093,066,029,-44
027,008,039,035
002,041,025,-03
069,102,057,081
079,042,-90,085
001,082,-89,-33
003,074,-54,-11
049,100,-22,058
047,078,-05,-16
097,082,-26,-04
067,072,-24,092
050,033,050,-14
052,028,-77,-61
000,035,-30,-43
024,029,034,090
001,049,097,006
067,097,-79,076
065,075,-57,033
006,070,-74,-62
027,043,-25,-76
027,101,-80,073
031,056,054,089
091,044,051,-39
086,029,018,011
099,010,023,010
073,083,099,-46
093,082,-85,088
098,017,-99,-73
007,057,042,004
014,039,-81,-28
080,092,016,-97
000,042,-08,051
023,007,069,-42
063,042,-44,078
088,021,064,013
088,041,-17,023
016,102,046,-22
031,056,030,-58
051,084,052,099
031,068,065,-92
098,090,014,-48
093,047,027,012
099,052,-96,-47
058,047,-51,-58
075,091,-50,085
015,004,089,-27
019,080,034,018
047,084,-70,-41
053,011,-09,-64
015,034,-23,-03
065,005,002,054
035,001,-91,-99
053,093,-86,047
041,082,-74,-68
008,017,005,016
013,098,-67,047
012,081,080,051
036,048,008,093
045,087,006,014
054,053,081,-73
018,007,-67,072
073,081,040,044
098,001,071,-12
006,015,036,-35
010,028,054,001
005,012,-80,-86
042,049,002,-32
028,047,-38,-10
031,032,085,020
006,046,017,-70
027,063,-94,048
078,032,-06,060
044,038,-07,060
002,086,-54,-30
038,083,059,069
058,065,042,-66
022,010,-69,079
096,055,080,082
042,094,061,095
037,036,039,086
015,055,-56,-77
026,010,-36,-90
094,059,051,066
081,036,051,064
005,044,-32,024
052,060,-42,-66
092,024,051,090
005,003,-87,076
097,097,-08,-01
057,093,-62,051
009,056,-35,-19
089,077,-47,-40
086,041,-50,001
039,075,063,-17
068,064,-15,-85
009,013,074,-72
007,078,-76,051
035,045,-71,-25
085,077,-15,058
065,100,051,006
088,026,077,042
037,025,-58,001
081,019,-64,056
100,022,-52,035
083,069,-26,-88
099,024,-78,-61
040,049,-29,019
037,024,052,057
037,028,006,-65
034,071,-86,074
061,020,096,-83
035,071,-49,099
053,070,006,-19
091,040,005,-91
098,067,076,096
087,092,022,-46
039,097,070,-60
020,008,081,-18
059,067,-13,026
086,022,-43,-47
069,056,078,-90
009,042,034,085
048,046,023,-33
045,054,-95,-95
001,084,027,032
088,084,062,-85
011,012,012,038
089,008,070,057
047,005,030,028
052,022,089,020
048,090,-97,058
044,024,098,050
021,049,-27,052
093,022,016,035
044,080,004,-08
072,029,-46,-35
019,063,025,-51
066,015,044,061
003,035,-41,053
093,019,049,-46
014,056,067,-73
008,022,-22,-02
079,060,-64,-97
099,018,095,-09
054,102,070,010
058,078,-75,066
090,094,051,003
088,040,005,-76
057,004,-38,-09
088,089,-50,062
055,048,024,-84
056,077,092,-33
027,044,-90,-61
039,066,004,085
037,031,-93,-72
054,052,070,-88
093,091,091,053
088,066,-39,-81
